879
54 297
173 871
64 153
732 791
40 512
179 197
95 288
59 85
68 239
154 359
37 788
2 1
22 10
76 26
827 713
277 858
336 702
488 110
135 160
346 794
270 141
87 465
595 659
43 28
144 49
87 168
415 356
196 257
364 230
345 385
591 278
652 7
360 570
495 214
166 70
95 96
803 103
615 276
390 650
259 255
479 484
585 345
81 42
409 323
30 212
501 369
304 31
254 88
241 25
55 433
379 210
3 8
29 26
186 162
112 181
724 93
392 12
706 277
366 779
845 647
484 491
23 36
387 612
283 426
26 192
255 436
496 128
657 462
702 817
109 119
854 757
17 19
354 414
438 420
16 9
120 286
190 549
4 48
210 262
437 771
133 404
116 255
89 161
334 566
301 122
221 763
256 81
213 320
483 849
316 229
468 425
635 431
775 746
790 131
90 23
278 327
474 35
459 331
434 48
369 481
200 161
658 12
875 543
286 361
485 85
267 137
732 560
490 377
62 813
7 646
365 604
400 349
482 235
63 206
25 296
462 185
751 43
181 353
486 663
670 165
22 352
181 574
669 51
818 700
551 375
177 128
634 133
371 480
57 188
211 14
600 338
521 15
55 18
842 543
625 315
124 90
26 13
1 5
66 40
632 387
745 480
450 25
413 192
16 798
67 18
421 442
238 91
130 492
653 562
129 28
18 2
308 124
200 214
369 741
338 5
85 804
850 307
40 71
171 421
154 655
848 757
815 244
580 96
40 534
126 812
109 793
21 844
123 611
65 102
738 424
760 769
4 46
59 12
613 15
439 457
12 448
486 522
410 841
24 313
6 104
191 260
548 564
129 190
242 311
201 29
100 28
700 581
33 20
151 167
150 227
701 304
754 133
447 117
725 532
237 135
755 607
309 692
497 678
47 11
174 719
776 127
593 375
34 210
699 17
386 435
443 642
447 709
107 322
148 809
225 86
152 231
287 130
822 469
413 527
129 767
182 14
583 95
105 183
357 389
408 672
193 222
660 677
309 734
454 59
24 178
47 74
87 518
101 77
508 132
235 156
766 60
25 54
742 277
185 132
170 128
603 446
171 39
354 453
720 63
644 611
667 762
197 500
348 193
278 778
546 740
267 302
81 137
207 103
569 228
90 548
163 194
148 138
476 446
795 618
278 362
123 806
14 45
227 787
636 562
187 688
133 349
74 258
210 240
46 714
57 44
7 44
95 479
780 873
340 202
111 86
177 269
125 17
743 549
782 717
7 53
350 315
792 138
198 335
275 10
153 339
647 227
773 242
315 269
18 510
529 301
553 23
470 362
833 718
177 816
45 61
696 310
826 270
49 16
298 418
624 212
456 270
50 6
269 517
154 173
411 98
271 154
120 13
343 425
440 494
25 7
737 821
710 715
74 180
218 9
58 118
52 77
209 329
88 23
477 138
20 40
783 425
316 865
298 69
7 117
109 101
61 234
298 601
797 720
616 398
188 334
577 364
628 359
222 291
48 525
515 175
159 52
26 154
290 638
247 279
364 721
159 169
430 419
34 141
32 503
240 749
830 400
152 109
191 278
513 856
685 168
31 14
1 17
64 28
735 565
328 296
28 19
346 576
6 4
259 417
507 476
421 808
465 811
867 478
90 596
208 96
176 54
354 567
39 397
13 9
497 293
730 27
235 419
728 33
536 531
41 309
347 594
3 1
20 2
765 556
25 233
439 342
33 251
83 113
13 305
148 360
11 23
137 363
387 161
367 193
504 560
629 633
527 620
447 683
256 356
568 170
78 23
227 860
597 169
21 18
177 310
294 182
398 63
204 90
344 378
461 835
540 512
251 539
372 354
8 68
19 72
565 459
599 115
94 74
103 39
67 863
727 54
252 205
1 112
214 499
828 429
93 590
484 651
151 671
528 151
4 2
410 726
658 748
586 75
573 536
458 467
154 535
211 682
38 69
388 204
98 74
4 42
158 175
93 85
473 102
649 412
245 65
50 506
262 299
491 660
490 777
276 537
248 37
8 843
37 384
13 15
59 441
365 107
40 136
7 666
376 219
705 485
538 329
529 713
451 558
403 134
781 704
399 870
128 203
287 641
433 861
260 284
452 259
19 759
87 2
27 253
172 432
92 3
487 40
276 54
69 226
438 530
38 37
866 142
27 143
145 859
390 463
483 232
539 756
330 168
126 511
547 689
244 204
582 99
15 337
24 519
325 428
321 138
133 17
213 135
444 750
697 591
122 202
217 150
149 79
196 162
342 258
128 552
684 367
424 643
116 509
162 135
261 253
514 345
402 143
403 690
428 486
505 351
707 303
513 70
401 239
151 561
711 119
318 284
366 154
231 446
805 496
132 157
681 305
63 216
769 879
526 354
268 319
166 341
739 3
10 230
9 10
188 375
221 346
675 383
221 212
292 7
820 78
47 679
563 33
32 637
280 207
496 520
24 20
626 433
331 878
48 52
429 693
14 60
115 868
704 10
869 595
383 75
44 99
224 455
15 106
98 134
8 662
81 219
88 165
107 31
411 575
174 82
412 31
370 357
38 91
209 161
523 874
205 165
30 37
473 786
8 272
189 188
170 223
429 276
617 104
108 101
597 823
644 774
13 368
220 152
664 619
34 493
307 667
703 114
523 223
579 62
263 475
357 11
58 131
386 408
758 701
872 263
95 717
551 661
9 138
852 778
710 468
195 149
229 226
587 523
14 199
166 266
344 303
136 691
627 12
282 153
277 229
140 119
126 46
559 441
32 437
412 614
837 238
128 14
855 75
86 147
150 96
226 445
681 829
695 799
222 324
191 134
62 35
623 115
489 392
554 14
393 100
801 663
636 862
712 560
739 800
424 104
595 133
290 223
825 108
605 482
110 33
22 75
58 27
764 198
674 292
449 125
27 6
99 285
757 577
295 230
146 102
12 95
505 853
39 22
158 66
35 89
4 11
186 427
306 206
121 85
35 722
458 62
504 387
768 287
73 1
607 580
246 158
760 737
371 271
280 469
303 64
708 423
542 510
549 785
847 280
422 106
35 30
273 162
318 391
215 31
37 819
225 358
30 34
32 8
233 610
14 416
140 686
718 349
198 382
332 152
149 264
731 382
383 541
802 461
199 460
263 581
50 236
524 92
112 673
702 810
132 12
123 97
276 331
606 37
470 533
30 323
129 737
18 369
836 669
35 84
125 410
317 656
38 115
68 395
23 283
105 32
761 639
390 373
578 96
14 325
94 333
420 648
73 317
609 109
277 831
796 298
66 82
9 6
625 694
840 530
70 57
228 478
72 242
10 164
668 445
698 387
311 772
423 135
399 275
15 354
124 461
85 546
443 201
584 592
549 780
73 122
113 733
619 549
723 697
420 118
122 130
618 593
235 247
198 119
680 619
736 2
156 629
744 135
6 30
83 59
265 143
135 471
394 113
276 281
753 1
41 876
101 293
466 291
197 228
716 501
479 532
250 289
144 274
639 377
545 276
139 103
155 268
807 661
326 81
824 544
155 104
695 729
431 371
41 65
69 116
66 114
440 61
640 146
345 270
63 5
339 351
147 498
405 313
445 598
93 163
665 107
789 331
7 145
56 26
6 839
483 571
153 464
556 336
345 752
544 372
204 312
373 196
377 584
572 9
314 297
156 87
38 127
341 377
36 97
3 12
142 374
747 334
28 79
454 589
516 327
86 1
48 151
381 110
877 639
176 250
184 89
444 392
307 62
406 121
219 355
503 531
142 127
654 238
717 846
