11111111111111111111111111111111111111011111110111111111111111111111101111111111111111111
11111111111111111111001011110111111111111111011011101111111111101011111111110111111111111
11111111111111111111111111111101111111111111111111111111111111111110011111111111111111111
10011000000001000000000010000000000000000000000000000000000000000000000100110001000010010
11111111111111111111111111111111110111111111111111111111111111111111111111111111111111110
11111111011111111111111111111111111111011111110110110011101111111111101111111111111011111
10011001110001001000000010010100010010110000011011101101011001100010010111110001000111010
11111111111111111111111111111111111111111111011111101111111111111011111111111111111111111
11111111111111111111111111111111111111011111110111110111111111111111101111111111111011111
11111111111111111111111111111111111111111011111111111111111111111111111111111101111111111
11111111111111111111111111111111111111111111111111111111111111111110011111111111111111111
11111111111111110111111111111111111111111111111111111111111111111111111111111111111110111
10011001110001001000000010010100010010110000011011001101011001000010010111110001000111010
11111111111111111111111111111111111111111111111110111111101111111111111111111111111111111
11111111111111111111111111111111111111111111111111111110110110111111111111111111111111111
11111111111101111111111111111111111111111111111111111111111011111111111111111111011111111
10111001110001001000001010010100111111111000011011101101111001100010011111110001000111111
11111101111111111011111111011111111111111111111111111111111101111111111111111111111111111
11111111111111111111111111111111111111111111111111111110111110111111111111111111111111111
10011000110001001000000010010100010010110000011011001100010000000000010101110001000111010
11111111111111111111111111111111111111111111111111011111111111011111111111111111111111111
11111111111111111111111011111111111111111111111111111111111111101111111111111111111111111
11111111111111111111111111111111111111111111111111111111111011111111111111111111011111111
11111111111111111111111111111111111111111111011111111111111111111011111111111111111111111
11011111111111111111110111111111010010110111111111111111011111111111110111111111111111010
10010000000000000000000000000000000000000000000000000000000000000000000100100000000010010
10011000000000000000000010000000000000000000000000000000000000000000000100100000000010010
10111011111111011111001011110111111111111101011011101111111111101011111111110111111111111
11111111111111111111111111111111111111011111111111111111111111111111101111111111111111111
10011001110001001000000010010100010010110000011011001100010000000010010101110001000111010
11111111111111111110111111111111111111111111111111111101111111111111111111111111100111111
11101111111111111111111111111111111111111111111111111111111111111111111011011111111101111
10011000110001001000000010010100010010110000011001001100010000000000010101110001000111010
11111111111111111111111111111111111111111111111111111110110110111111111101111111111111111
10011000000001001000000010000100010010010000010000000000000000000000000101110001000011010
11101111111111111111111111111111111111111111111111111111111111111111111111011111111111111
10011000000001000000000010000000000000000000000000000000000000000000000100110000000010010
10011000000001000000000010000000000000000000000000000000000000000000000100100000000010010
11111111111111111111111111111111111111111111111111111101111111111111111111111111110111111
11111011111111011111111111111111111111111111111111111111111111111111111111111111111111111
11111111001111111111111111101111111111011111110110110011101111111111101111111111111011111
10111011111001001100001010110101111111111001011011101101111011100010011111110001000111111
10011000000001001000000010000000000000000000000000000000000000000000000100110001000011010
11111101111111111011111111011111111111111111111111111111111111111111111111111111111111111
10111011111001011100001010110101111111111001011011101101111011100010011111110001000111111
10111011111111011110001011110111111111111101011011101101111111101011111111110111100111111
11111101110111111011111111011111111111111111111111111111111101111111111111111111111111111
10111111111111111111001011110111111111111111011011101111111111101011111111110111111111111
11111111111111111111001111111111111111111111111111111111111111111111111111111111111111111
11111111111111111111111111111111111111011111110111110111111111111111101111111111111111111
11011111111111111111110111111111010010110111111111111111011111111111111111111111111111010
11111111111111111111001011110111111111111111011111101111111111101011111111110111111111111
11110111111111111111111101111111111111111111111111111111111111111111111111111111111111111
11111111111111111111111111111111111111111111111111111111111111111111111011111111111101111
10111011111111011110001010110101111111111101011011101101111111101010011111110111100111111
10111011111001011110001010110101111111111001011011101101111011100010011111110001000111111
11111101111111111111111111011111111111111111111111111111111111111111111111111111111111111
11111111011111111111111111101111111111011111110110110011101111111111101111111111111011111
11111111111111111111111111111111111111011111110111110011111111111111101111111111111011111
11111111111111111111111011110111111111111111011111101111111111101011111111110111111111111
10011000000001001000000010000100010010010000010000000000000000000000000100110001000011010
11111111111001111111111111111111111111111011111111111111111011110111111111111001011111111
11111111111111111111111110111101111111111111111111111111111111111110011111111111111111111
11111101110111111011111111011110111111111110111111111111111101111111111111111111111111111
11111111111001111111111111111111111111111111111111111111111011111111111111111111011111111
11111111111111111111110111111111011010110111111111111111111111111111111111111111111111111
11111111111111111111111111111011101101101111101111111111111111111111111111111111111111111
11111111111111111110111111111111111111111111111111111101111111111111111111111111110111111
11011111111111111111111111111111110111111111111111111111011111111111111111111111111111010
11111111111111111111111111111111011011111111111111111111111111111111111111111111111111111
11111111111111111111111111111011111101111111111111111111111111111111111111111111111111111
11011111111111111111111111111111111111111111111111111111011111111111111111111111111111011
11111111111111111111111111111111011010110111111111111111111111111111111111111111111111111
11111111111111111111111111111111111111111111011111101111111111111011111111110111111111111
11111111011111111111111111111111111111011111110111110011111111111111101111111111111011111
11111111111111111111111111111011111101101111111111111111111111111111111111111111111111111
11111111111111111111111111111111011011110111111111111111111111111111111111111111111111111
11111111111001111111111111111111111111111011111111111111111011111111111111111101011111111
11111110111111111111111111111111111111111111111111111111111111111101111111111111111111111
10111111111111111111001011110111111111111101011011101111111111101011111111110111111111111
11101111111111111111111111111111111111111111111111111111111111111111111011011111111101101
11111111111111111111111111111110111111111110111111111111111111111111111111111111111111111
11111111111111111111111111111111111111111111111111111111111111110111111111111011111111111
11111111111111111111111111110111111111111111011111101111111111111011111111110111111111111
11111111111111111111111111111111101111111111101111111111111111111111111111111111111111111
11011111111111111111111111111111111111111111111111111111011111111111111111111111111111111