	S	I0	M1	D1	I1	M2	D2	I2	M3	D3	I3	M4	D4	I4	M5	D5	I5	M6	D6	I6	M7	D7	I7	E
S	0.0	0.4951	0.4951	0.0097	0.0	0.0	0.0	0.0	0.0	0.0	0.0	0.0	0.0	0.0	0.0	0.0	0.0	0.0	0.0	0.0	0.0	0.0	0.0	0.0
I0	0.0	0.0097	0.9806	0.0097	0.0	0.0	0.0	0.0	0.0	0.0	0.0	0.0	0.0	0.0	0.0	0.0	0.0	0.0	0.0	0.0	0.0	0.0	0.0	0.0
M1	0.0	0.0	0.0	0.0	0.1715	0.657	0.1715	0.0	0.0	0.0	0.0	0.0	0.0	0.0	0.0	0.0	0.0	0.0	0.0	0.0	0.0	0.0	0.0	0.0
D1	0.0	0.0	0.0	0.0	0.3333	0.3333	0.3333	0.0	0.0	0.0	0.0	0.0	0.0	0.0	0.0	0.0	0.0	0.0	0.0	0.0	0.0	0.0	0.0	0.0
I1	0.0	0.0	0.0	0.0	0.0097	0.9806	0.0097	0.0	0.0	0.0	0.0	0.0	0.0	0.0	0.0	0.0	0.0	0.0	0.0	0.0	0.0	0.0	0.0	0.0
M2	0.0	0.0	0.0	0.0	0.0	0.0	0.0	0.0097	0.7864	0.2039	0.0	0.0	0.0	0.0	0.0	0.0	0.0	0.0	0.0	0.0	0.0	0.0	0.0	0.0
D2	0.0	0.0	0.0	0.0	0.0	0.0	0.0	0.0097	0.9806	0.0097	0.0	0.0	0.0	0.0	0.0	0.0	0.0	0.0	0.0	0.0	0.0	0.0	0.0	0.0
I2	0.0	0.0	0.0	0.0	0.0	0.0	0.0	0.3333	0.3333	0.3333	0.0	0.0	0.0	0.0	0.0	0.0	0.0	0.0	0.0	0.0	0.0	0.0	0.0	0.0
M3	0.0	0.0	0.0	0.0	0.0	0.0	0.0	0.0	0.0	0.0	0.0097	0.7864	0.2039	0.0	0.0	0.0	0.0	0.0	0.0	0.0	0.0	0.0	0.0	0.0
D3	0.0	0.0	0.0	0.0	0.0	0.0	0.0	0.0	0.0	0.0	0.0097	0.9806	0.0097	0.0	0.0	0.0	0.0	0.0	0.0	0.0	0.0	0.0	0.0	0.0
I3	0.0	0.0	0.0	0.0	0.0	0.0	0.0	0.0	0.0	0.0	0.3333	0.3333	0.3333	0.0	0.0	0.0	0.0	0.0	0.0	0.0	0.0	0.0	0.0	0.0
M4	0.0	0.0	0.0	0.0	0.0	0.0	0.0	0.0	0.0	0.0	0.0	0.0	0.0	0.0097	0.7864	0.2039	0.0	0.0	0.0	0.0	0.0	0.0	0.0	0.0
D4	0.0	0.0	0.0	0.0	0.0	0.0	0.0	0.0	0.0	0.0	0.0	0.0	0.0	0.0097	0.9806	0.0097	0.0	0.0	0.0	0.0	0.0	0.0	0.0	0.0
I4	0.0	0.0	0.0	0.0	0.0	0.0	0.0	0.0	0.0	0.0	0.0	0.0	0.0	0.3333	0.3333	0.3333	0.0	0.0	0.0	0.0	0.0	0.0	0.0	0.0
M5	0.0	0.0	0.0	0.0	0.0	0.0	0.0	0.0	0.0	0.0	0.0	0.0	0.0	0.0	0.0	0.0	0.0097	0.5922	0.3981	0.0	0.0	0.0	0.0	0.0
D5	0.0	0.0	0.0	0.0	0.0	0.0	0.0	0.0	0.0	0.0	0.0	0.0	0.0	0.0	0.0	0.0	0.0097	0.9806	0.0097	0.0	0.0	0.0	0.0	0.0
I5	0.0	0.0	0.0	0.0	0.0	0.0	0.0	0.0	0.0	0.0	0.0	0.0	0.0	0.0	0.0	0.0	0.3333	0.3333	0.3333	0.0	0.0	0.0	0.0	0.0
M6	0.0	0.0	0.0	0.0	0.0	0.0	0.0	0.0	0.0	0.0	0.0	0.0	0.0	0.0	0.0	0.0	0.0	0.0	0.0	0.0097	0.4951	0.4951	0.0	0.0
D6	0.0	0.0	0.0	0.0	0.0	0.0	0.0	0.0	0.0	0.0	0.0	0.0	0.0	0.0	0.0	0.0	0.0	0.0	0.0	0.0097	0.9806	0.0097	0.0	0.0
I6	0.0	0.0	0.0	0.0	0.0	0.0	0.0	0.0	0.0	0.0	0.0	0.0	0.0	0.0	0.0	0.0	0.0	0.0	0.0	0.3333	0.3333	0.3333	0.0	0.0
M7	0.0	0.0	0.0	0.0	0.0	0.0	0.0	0.0	0.0	0.0	0.0	0.0	0.0	0.0	0.0	0.0	0.0	0.0	0.0	0.0	0.0	0.0	0.0098	0.9902
D7	0.0	0.0	0.0	0.0	0.0	0.0	0.0	0.0	0.0	0.0	0.0	0.0	0.0	0.0	0.0	0.0	0.0	0.0	0.0	0.0	0.0	0.0	0.0098	0.9902
I7	0.0	0.0	0.0	0.0	0.0	0.0	0.0	0.0	0.0	0.0	0.0	0.0	0.0	0.0	0.0	0.0	0.0	0.0	0.0	0.0	0.0	0.0	0.5	0.5
E	0.0	0.0	0.0	0.0	0.0	0.0	0.0	0.0	0.0	0.0	0.0	0.0	0.0	0.0	0.0	0.0	0.0	0.0	0.0	0.0	0.0	0.0	0.0	0.0
--------
	A	B	C	D	E
S	0.0	0.0	0.0	0.0	0.0
I0	0.327	0.0095	0.0095	0.0095	0.6444
M1	0.0095	0.0095	0.1683	0.8032	0.0095
D1	0.0	0.0	0.0	0.0	0.0
I1	0.0095	0.0095	0.0095	0.9619	0.0095
M2	0.2	0.7714	0.0095	0.0095	0.0095
D2	0.0	0.0	0.0	0.0	0.0
I2	0.2	0.2	0.2	0.2	0.2
M3	0.0095	0.2	0.581	0.0095	0.2
D3	0.0	0.0	0.0	0.0	0.0
I3	0.2	0.2	0.2	0.2	0.2
M4	0.0095	0.9619	0.0095	0.0095	0.0095
D4	0.0	0.0	0.0	0.0	0.0
I4	0.2	0.2	0.2	0.2	0.2
M5	0.2	0.0095	0.2	0.581	0.0095
D5	0.0	0.0	0.0	0.0	0.0
I5	0.2	0.2	0.2	0.2	0.2
M6	0.7238	0.0095	0.0095	0.2476	0.0095
D6	0.0	0.0	0.0	0.0	0.0
I6	0.2	0.2	0.2	0.2	0.2
M7	0.0095	0.0095	0.9619	0.0095	0.0095
D7	0.0	0.0	0.0	0.0	0.0
I7	0.2	0.2	0.2	0.2	0.2
E	0.0	0.0	0.0	0.0	0.0
