	S	I0	M1	D1	I1	M2	D2	I2	M3	D3	I3	E
S	0.0	0.0097	0.8188	0.1715	0.0	0.0	0.0	0.0	0.0	0.0	0.0	0.0
I0	0.0	0.3333	0.3333	0.3333	0.0	0.0	0.0	0.0	0.0	0.0	0.0	0.0
M1	0.0	0.0	0.0	0.0	0.0097	0.7864	0.2039	0.0	0.0	0.0	0.0	0.0
D1	0.0	0.0	0.0	0.0	0.0097	0.9806	0.0097	0.0	0.0	0.0	0.0	0.0
I1	0.0	0.0	0.0	0.0	0.3333	0.3333	0.3333	0.0	0.0	0.0	0.0	0.0
M2	0.0	0.0	0.0	0.0	0.0	0.0	0.0	0.0097	0.9806	0.0097	0.0	0.0
D2	0.0	0.0	0.0	0.0	0.0	0.0	0.0	0.0097	0.9806	0.0097	0.0	0.0
I2	0.0	0.0	0.0	0.0	0.0	0.0	0.0	0.3333	0.3333	0.3333	0.0	0.0
M3	0.0	0.0	0.0	0.0	0.0	0.0	0.0	0.0	0.0	0.0	0.0098	0.9902
D3	0.0	0.0	0.0	0.0	0.0	0.0	0.0	0.0	0.0	0.0	0.5	0.5
I3	0.0	0.0	0.0	0.0	0.0	0.0	0.0	0.0	0.0	0.0	0.5	0.5
E	0.0	0.0	0.0	0.0	0.0	0.0	0.0	0.0	0.0	0.0	0.0	0.0
--------
	A	B	C	D	E
S	0.0	0.0	0.0	0.0	0.0
I0	0.2	0.2	0.2	0.2	0.2
M1	0.7714	0.0095	0.0095	0.2	0.0095
D1	0.0	0.0	0.0	0.0	0.0
I1	0.2	0.2	0.2	0.2	0.2
M2	0.2	0.0095	0.0095	0.7714	0.0095
D2	0.0	0.0	0.0	0.0	0.0
I2	0.2	0.2	0.2	0.2	0.2
M3	0.8032	0.0095	0.1683	0.0095	0.0095
D3	0.0	0.0	0.0	0.0	0.0
I3	0.2	0.2	0.2	0.2	0.2
E	0.0	0.0	0.0	0.0	0.0
