	S	I0	M1	D1	I1	M2	D2	I2	M3	D3	I3	M4	D4	I4	M5	D5	I5	M6	D6	I6	M7	D7	I7	M8	D8	I8	E
S	0.0	0.0097	0.8835	0.1068	0.0	0.0	0.0	0.0	0.0	0.0	0.0	0.0	0.0	0.0	0.0	0.0	0.0	0.0	0.0	0.0	0.0	0.0	0.0	0.0	0.0	0.0	0.0
I0	0.0	0.3333	0.3333	0.3333	0.0	0.0	0.0	0.0	0.0	0.0	0.0	0.0	0.0	0.0	0.0	0.0	0.0	0.0	0.0	0.0	0.0	0.0	0.0	0.0	0.0	0.0	0.0
M1	0.0	0.0	0.0	0.0	0.0097	0.8727	0.1176	0.0	0.0	0.0	0.0	0.0	0.0	0.0	0.0	0.0	0.0	0.0	0.0	0.0	0.0	0.0	0.0	0.0	0.0	0.0	0.0
D1	0.0	0.0	0.0	0.0	0.0097	0.9806	0.0097	0.0	0.0	0.0	0.0	0.0	0.0	0.0	0.0	0.0	0.0	0.0	0.0	0.0	0.0	0.0	0.0	0.0	0.0	0.0	0.0
I1	0.0	0.0	0.0	0.0	0.3333	0.3333	0.3333	0.0	0.0	0.0	0.0	0.0	0.0	0.0	0.0	0.0	0.0	0.0	0.0	0.0	0.0	0.0	0.0	0.0	0.0	0.0	0.0
M2	0.0	0.0	0.0	0.0	0.0	0.0	0.0	0.4412	0.4412	0.1176	0.0	0.0	0.0	0.0	0.0	0.0	0.0	0.0	0.0	0.0	0.0	0.0	0.0	0.0	0.0	0.0	0.0
D2	0.0	0.0	0.0	0.0	0.0	0.0	0.0	0.9806	0.0097	0.0097	0.0	0.0	0.0	0.0	0.0	0.0	0.0	0.0	0.0	0.0	0.0	0.0	0.0	0.0	0.0	0.0	0.0
I2	0.0	0.0	0.0	0.0	0.0	0.0	0.0	0.0097	0.7864	0.2039	0.0	0.0	0.0	0.0	0.0	0.0	0.0	0.0	0.0	0.0	0.0	0.0	0.0	0.0	0.0	0.0	0.0
M3	0.0	0.0	0.0	0.0	0.0	0.0	0.0	0.0	0.0	0.0	0.0097	0.8592	0.1311	0.0	0.0	0.0	0.0	0.0	0.0	0.0	0.0	0.0	0.0	0.0	0.0	0.0	0.0
D3	0.0	0.0	0.0	0.0	0.0	0.0	0.0	0.0	0.0	0.0	0.0097	0.9806	0.0097	0.0	0.0	0.0	0.0	0.0	0.0	0.0	0.0	0.0	0.0	0.0	0.0	0.0	0.0
I3	0.0	0.0	0.0	0.0	0.0	0.0	0.0	0.0	0.0	0.0	0.3333	0.3333	0.3333	0.0	0.0	0.0	0.0	0.0	0.0	0.0	0.0	0.0	0.0	0.0	0.0	0.0	0.0
M4	0.0	0.0	0.0	0.0	0.0	0.0	0.0	0.0	0.0	0.0	0.0	0.0	0.0	0.0097	0.657	0.3333	0.0	0.0	0.0	0.0	0.0	0.0	0.0	0.0	0.0	0.0	0.0
D4	0.0	0.0	0.0	0.0	0.0	0.0	0.0	0.0	0.0	0.0	0.0	0.0	0.0	0.0097	0.9806	0.0097	0.0	0.0	0.0	0.0	0.0	0.0	0.0	0.0	0.0	0.0	0.0
I4	0.0	0.0	0.0	0.0	0.0	0.0	0.0	0.0	0.0	0.0	0.0	0.0	0.0	0.3333	0.3333	0.3333	0.0	0.0	0.0	0.0	0.0	0.0	0.0	0.0	0.0	0.0	0.0
M5	0.0	0.0	0.0	0.0	0.0	0.0	0.0	0.0	0.0	0.0	0.0	0.0	0.0	0.0	0.0	0.0	0.0097	0.9806	0.0097	0.0	0.0	0.0	0.0	0.0	0.0	0.0	0.0
D5	0.0	0.0	0.0	0.0	0.0	0.0	0.0	0.0	0.0	0.0	0.0	0.0	0.0	0.0	0.0	0.0	0.0097	0.657	0.3333	0.0	0.0	0.0	0.0	0.0	0.0	0.0	0.0
I5	0.0	0.0	0.0	0.0	0.0	0.0	0.0	0.0	0.0	0.0	0.0	0.0	0.0	0.0	0.0	0.0	0.3333	0.3333	0.3333	0.0	0.0	0.0	0.0	0.0	0.0	0.0	0.0
M6	0.0	0.0	0.0	0.0	0.0	0.0	0.0	0.0	0.0	0.0	0.0	0.0	0.0	0.0	0.0	0.0	0.0	0.0	0.0	0.0097	0.7648	0.2255	0.0	0.0	0.0	0.0	0.0
D6	0.0	0.0	0.0	0.0	0.0	0.0	0.0	0.0	0.0	0.0	0.0	0.0	0.0	0.0	0.0	0.0	0.0	0.0	0.0	0.0097	0.9806	0.0097	0.0	0.0	0.0	0.0	0.0
I6	0.0	0.0	0.0	0.0	0.0	0.0	0.0	0.0	0.0	0.0	0.0	0.0	0.0	0.0	0.0	0.0	0.0	0.0	0.0	0.3333	0.3333	0.3333	0.0	0.0	0.0	0.0	0.0
M7	0.0	0.0	0.0	0.0	0.0	0.0	0.0	0.0	0.0	0.0	0.0	0.0	0.0	0.0	0.0	0.0	0.0	0.0	0.0	0.0	0.0	0.0	0.0097	0.7379	0.2524	0.0	0.0
D7	0.0	0.0	0.0	0.0	0.0	0.0	0.0	0.0	0.0	0.0	0.0	0.0	0.0	0.0	0.0	0.0	0.0	0.0	0.0	0.0	0.0	0.0	0.0097	0.9806	0.0097	0.0	0.0
I7	0.0	0.0	0.0	0.0	0.0	0.0	0.0	0.0	0.0	0.0	0.0	0.0	0.0	0.0	0.0	0.0	0.0	0.0	0.0	0.0	0.0	0.0	0.3333	0.3333	0.3333	0.0	0.0
M8	0.0	0.0	0.0	0.0	0.0	0.0	0.0	0.0	0.0	0.0	0.0	0.0	0.0	0.0	0.0	0.0	0.0	0.0	0.0	0.0	0.0	0.0	0.0	0.0	0.0	0.0098	0.9902
D8	0.0	0.0	0.0	0.0	0.0	0.0	0.0	0.0	0.0	0.0	0.0	0.0	0.0	0.0	0.0	0.0	0.0	0.0	0.0	0.0	0.0	0.0	0.0	0.0	0.0	0.0098	0.9902
I8	0.0	0.0	0.0	0.0	0.0	0.0	0.0	0.0	0.0	0.0	0.0	0.0	0.0	0.0	0.0	0.0	0.0	0.0	0.0	0.0	0.0	0.0	0.0	0.0	0.0	0.5	0.5
E	0.0	0.0	0.0	0.0	0.0	0.0	0.0	0.0	0.0	0.0	0.0	0.0	0.0	0.0	0.0	0.0	0.0	0.0	0.0	0.0	0.0	0.0	0.0	0.0	0.0	0.0	0.0
--------
	A	B	C	D	E
S	0.0	0.0	0.0	0.0	0.0
I0	0.2	0.2	0.2	0.2	0.2
M1	0.1153	0.0095	0.1153	0.0095	0.7503
D1	0.0	0.0	0.0	0.0	0.0
I1	0.2	0.2	0.2	0.2	0.2
M2	0.9619	0.0095	0.0095	0.0095	0.0095
D2	0.0	0.0	0.0	0.0	0.0
I2	0.0095	0.2	0.3905	0.3905	0.0095
M3	0.0095	0.7238	0.0095	0.2476	0.0095
D3	0.0	0.0	0.0	0.0	0.0
I3	0.2	0.2	0.2	0.2	0.2
M4	0.0095	0.8561	0.0095	0.1153	0.0095
D4	0.0	0.0	0.0	0.0	0.0
I4	0.2	0.2	0.2	0.2	0.2
M5	0.9619	0.0095	0.0095	0.0095	0.0095
D5	0.0	0.0	0.0	0.0	0.0
I5	0.2	0.2	0.2	0.2	0.2
M6	0.5386	0.2212	0.0095	0.2212	0.0095
D6	0.0	0.0	0.0	0.0	0.0
I6	0.2	0.2	0.2	0.2	0.2
M7	0.0095	0.0095	0.0095	0.0095	0.9619
D7	0.0	0.0	0.0	0.0	0.0
I7	0.2	0.2	0.2	0.2	0.2
M8	0.0095	0.0095	0.0095	0.8429	0.1286
D8	0.0	0.0	0.0	0.0	0.0
I8	0.2	0.2	0.2	0.2	0.2
E	0.0	0.0	0.0	0.0	0.0