973.565293035
1086.64935304
1223.70826304
1370.77667304
1483.86073304
1614.90122304
1701.93325304
1815.97618304
1887.01329304
2034.08170304
2137.09089304
2266.13348304
2429.19681304
2557.25539304
2686.29798304
2785.36639304
2913.46135304
3069.56246304
3255.64177304
3418.70510304
3531.78916304
3694.85249304
3781.88452304
3910.92711304
4047.98602304
4150.99521304
4298.06362304
4395.11638304
4510.14332304
4609.21173304
4746.27064304
4849.27983304
4977.33841304
5064.37044304
5192.42902304
5279.46105304
5435.56216304
5572.62107304
5659.65310304
5756.70586304
5893.76477304
6049.86588304
6196.93429304
6296.00270304
6411.02964304
6542.07013304
6641.13854304
6755.18147304
6812.20293304
6959.27134304
7088.31393304
7175.34596304
7288.43002304
7425.48893304
7524.55734304
7652.61592304
7751.68433304
7848.73709304
7919.77420304
8047.83278304
8134.86481304
8235.91249304
8364.00745304
8461.06021304
8532.09732304
8663.13781304
8750.16984304
8837.20187304
8966.24446304
9080.28739304
9209.32998304
9395.40929304
9523.50425304
9626.51344304
9725.58185304
9911.66116304
10040.703753
10171.744243
10299.839203
10430.879693
10586.980803
10684.033563
10781.086323
10882.134003
10995.218063
11066.255173
11123.276633
11260.335543
11446.414853
11574.473433
11645.510543
11759.553473
11945.632783
12002.654243
12089.686273
12236.754683
12349.838743
12496.907153
