16025.1410559
2895.14212294
3009.18505294
3081.22143294
3096.21708294
3199.22627294
3228.28984294
3328.26886294
3341.37390294
3484.36997294
3497.47501294
3587.37916294
3634.53392294
3715.47412294
3762.62888294
3844.51671294
3861.69729294
3943.58512294
3992.73778294
4040.63788294
4123.77827294
4196.73899294
4238.80521294
4325.83724294
4382.81830294
4438.92130294
4495.90236294
4552.92382294
4575.98021294
4681.01878294
4689.06427294
4776.09630294
4818.07769294
4863.12833294
4955.13660294
5049.20764294
5141.21591294
5146.26040294
5238.26867294
5260.30333294
5295.29013294
5391.34382294
5423.34871294
5524.39639294
5528.40273294
5595.43350294
5641.48679294
5728.51882294
5742.50191294
5870.56049294
5891.58215294
6026.66160294
6028.64106294
6097.69871294
6127.70947294
6212.72565294
6309.77841294
6313.78878294
6437.83699294
6469.88989294
6534.88975294
6582.97395294
6648.93268294
6698.00089294
6762.01674294
6811.08495294
6865.02593294
6898.11698294
6936.06304294
6993.08450294
7045.18539294
7122.12709294
7148.19458294
7225.13628294
7245.24734294
7353.23124294
7392.31575294
7500.29965294
7520.41071294
7603.30884294
7635.43765294
7674.34595294
7734.50606294
7787.43001294
7863.54865294
7915.52497294
7978.57559294
8046.56546294
8109.61608294
8161.59240294
8237.71104294
8290.63499294
8350.79510294
8389.70340294
8421.83221294
8504.73034294
8524.84140294
8632.82530294
8671.90981294
8779.89371294
8800.00477294
8876.94647294
8903.01396294
8979.95566294
9032.05655294
9089.07801294
9127.02407294
9160.11512294
9214.05610294
9263.12431294
9327.14016294
9376.20837294
9442.16710294
9490.25130294
9555.25116294
9587.30406294
9711.35227294
9715.36264294
9812.41540294
9897.43158294
9927.44234294
9996.49999294
9998.47945294
10133.5589029
10154.5805629
10282.6391429
10296.6222329
10383.6542629
10429.7075529
10496.7383229
10500.7446629
10601.7923429
10633.7972329
10729.8509229
10764.8377229
10786.8723829
10878.8806529
10883.9251429
10975.9334129
11070.0044529
11162.0127229
11207.0633629
11249.0447529
11336.0767829
11344.1222729
11449.1608429
11472.2172329
11529.2386929
11586.2197529
11642.3227529
11699.3038129
11786.3358429
11828.4020629
11901.3627829
11984.5031729
12032.4032729
12081.5559329
12163.4437629
12180.6243429
12262.5121729
12309.6669329
12390.6071329
12437.7618929
12527.6660429
12540.7710829
12683.7671529
12696.8721929
12796.8512129
12825.9147829
12928.9239729
12943.9196229
13015.9560029
13129.9989329
