0011101011111111111111111111111111110111111111110011110111111111110011001101111101111111011111011111110111011111111111111111111111111111111111110111111110111111110
1000010100000000000000000000000000001000000000001100001000000000001100110010000010000000100000100000001000100000000000000000000000000000000000001000000001000000001
0011101011111111111111111111111111110111111111110011110111111111110011001101111101111111011111011111110111011111111111101111111111111111111111110111111110111111110
0000000000000000000000000000000100000000000000000000000000000000000000000000000000000000000000000000000000000000000000000000000000000000000000000000001000000000000
0011101011111111111111111111111011110111111111110011110111111111110011001101111101111111011111011111110111011111111111101111111111111111111111110111110110111111110
0000000000000000000000000000000000000000000001000000000000000001000000000000000000100000000000000000000000000000000000001000000100000000000000000000000000000001000
0011101011111111111111111111111011110111111110110011110111111110110011001101111101011111011111011111110111011111111111100111111011111111111111110111110110111110110
0000000000000000000000000000000000000000000001000000000000000000000000000000000000100000000000000000000000000000000000001000000100000000000000000000000000000001000
0000000000000000000000000000000000000000000000000000000000000000000000000000000000000000000000000000000000000000000000001000000000000000000000000000000000000001000
0000000000000000000000000000000000000000000001000000000000000000000000000000000000100000000000000000000000000000000000000000000100000000000000000000000000000000000
0000000000000000000000000000000000000000000001000000000000000000000000000000000000100000000000000000000000000000000000000000000000000000000000000000000000000000000
0000000000000000000000000000001000000010000000000000000000000000000000000000000000000000010000000000000000000000001000000000000000000000000000000000000000001000000
0011101011111111111111111111110011110101111110110011110111111110110011001101111101011111001111011111110111011111110111100111111011111111111111110111110110110110110
0000000000000000000000000000000000000010000000000000000000000000000000000000000000000000010000000000000000000000000000000000000000000000000000000000000000001000000
0000000000000000000000000000001000000000000000000000000000000000000000000000000000000000000000000000000000000000001000000000000000000000000000000000000000000000000
0000000000000000000000000000000000000000000000000000000000000000000000000000000000000000010000000000000000000000000000000000000000000000000000000000000000001000000
0000000000000000000000000000000000000000000000000000000000000000000000001000001000000000000000000000100000000000000000000000000000000000100000000010000010000000000
0011101011111111111111111111110011110101111110110011110111111110110011000101110101011111001111011111010111011111110111100111111011111111011111110101110100110110110
0000000000000000000000000000000000000000000000000000000000000000000000001000000000000000000000000000100000000000000000000000000000000000100000000010000010000000000
0000000000000000000000000000000000000000000000000000000000000000000000001000000000000000000000000000100000000000000000000000000000000000000000000010000010000000000
0000000000000000000000000000000000000000000000000000000000000000000000000000000000000000000000000000000000000000000000000000000000000000000000000010000010000000000
0000000000000000000000000000000000000000000000000000000000000000000000001000000000000000000000000000100000000000000000000000000000000000000000000000000000000000000
0011101011111111101111111111110011110101111110110011110111111110110011000101110101011111001111011111010111011111110111100111111011111111011111110101110100110110110
0011101011111111101111111111110011110101111110110011110111110110110011000101110101011111001111011111010111011111110111100111111011111111011111110101110100110110110
0011101011111111101111111111110011110101111110110011110111110110110011000101110101011111001111011111010111011111110111100101111011111111011111110101110100110110110
0011101011111111101111111110110011110101111110110011110111110110110011000101110101011111001111011111010111011111110111100101111011111111011111110101110100110110110
0000000010100001000011001010000000000000000100110001000010010100010000000000010000000000001000000010000110000000100000000000001010000110000001110100000100100110100
0011101001011110101100110100110011110101111010000010110101100010100011000101100101011111000111011101010001011111010111100101110001111001011110000001110000010000010
0000000010100001000011001010000000000000000100110001000010010100010000000000010000000000001000000000000110000000100000000000001010000110000001110100000100100110100
0000000010100001000011001010000000000000000100110001000010010100010000000000010000000000001000000000000110000000100000000000001010000110000000110100000100100110100
0000000000100001000010000000000000000000000000110000000010010000010000000000000000000000001000000000000110000000000000000000001010000100000000110100000100100110000
0000000010000000000001001010000000000000000100000001000000000100000000000000010000000000000000000000000000000000100000000000000000000010000000000000000000000000100
0000000000000000000000000000000000000000000000000000000000000000000000000000000000000000000000000000000010000000000000000000000000000000000000000000000100000000000
0000000000100001000010000000000000000000000000110000000010010000010000000000000000000000001000000000000100000000000000000000001010000100000000110100000000100110000
0000000000100001000010000000000000000000000000110000000010010000010000000000000000000000001000000000000100000000000000000000001010000100000000110100000000000110000
0000000000100001000010000000000000000000000000110000000010010000010000000000000000000000001000000000000100000000000000000000001010000000000000110100000000000110000
0000000000100001000010000000000000000000000000110000000010010000010000000000000000000000001000000000000100000000000000000000000010000000000000110100000000000110000
0000000000000000000010000000000000000000000000000000000000000000000000000000000000000000000000000000000000000000000000000000000000000000000000010000000000000000000
0000000000100001000000000000000000000000000000110000000010010000010000000000000000000000001000000000000100000000000000000000000010000000000000100100000000000110000
0000000000000001000000000000000000000000000000110000000010010000010000000000000000000000001000000000000100000000000000000000000010000000000000100100000000000110000
0000000000000001000000000000000000000000000000110000000010010000010000000000000000000000001000000000000100000000000000000000000010000000000000100100000000000100000
0000000000000001000000000000000000000000000000100000000010010000010000000000000000000000001000000000000100000000000000000000000010000000000000100100000000000100000
0000000000000001000000000000000000000000000000100000000010000000010000000000000000000000001000000000000100000000000000000000000010000000000000100100000000000100000
0000000000000001000000000000000000000000000000100000000000000000010000000000000000000000001000000000000100000000000000000000000010000000000000100100000000000100000
0000000000000000000000000000000000000000000000100000000000000000010000000000000000000000001000000000000100000000000000000000000010000000000000100100000000000100000
0000000000000000000000000000000000000000000000100000000000000000000000000000000000000000001000000000000100000000000000000000000010000000000000100100000000000100000
0000000000000000000000000000000000000000000000100000000000000000000000000000000000000000001000000000000000000000000000000000000010000000000000100100000000000100000
0000000000000000000000000000000000000000000000100000000000000000000000000000000000000000000000000000000000000000000000000000000010000000000000100100000000000100000
0000000000000000000000000000000000000000000000100000000000000000000000000000000000000000000000000000000000000000000000000000000010000000000000100000000000000100000
0000000000000000000000000000000000000000000000000000000000000000000000000000000000000000000000000000000000000000000000000000000010000000000000100000000000000100000
0000000000000000000000000000000000000000000000000000000000000000000000000000000000000000000000000000000000000000000000000000000000000000000000100000000000000100000
0000000010000000000001001010000000000000000100000001000000000100000000000000010000000000000000000000000000000000000000000000000000000010000000000000000000000000100
0000000010000000000001001010000000000000000000000001000000000100000000000000010000000000000000000000000000000000000000000000000000000010000000000000000000000000100
0000000000000000000000000010000000000000000000000000000000000000000000000000010000000000000000000000000000000000000000000000000000000010000000000000000000000000100
0000000010000000000001001000000000000000000000000001000000000100000000000000000000000000000000000000000000000000000000000000000000000000000000000000000000000000000
0000000000000000000000000010000000000000000000000000000000000000000000000000010000000000000000000000000000000000000000000000000000000000000000000000000000000000100
0000000000000000000000000010000000000000000000000000000000000000000000000000000000000000000000000000000000000000000000000000000000000000000000000000000000000000100
0000000010000000000000001000000000000000000000000001000000000100000000000000000000000000000000000000000000000000000000000000000000000000000000000000000000000000000
0000000010000000000000001000000000000000000000000001000000000000000000000000000000000000000000000000000000000000000000000000000000000000000000000000000000000000000
0000000000000000000000001000000000000000000000000001000000000000000000000000000000000000000000000000000000000000000000000000000000000000000000000000000000000000000
0000000000000000000000000000000000000000000000000000010000000000000000000000000000000000000000010000000000000000000000000000000000000000000000000000100000000000000
0011101001011110101100110100110011110101111010000010100101100010100011000101100101011111000111001101010001011111010111100101110001111001011110000001010000010000010
0000000000000000000000000000000000000000000000000000000000000000000000000000000000000000000000010000000000000000000000000000000000000000000000000000100000000000000
0000000000000010000000000000100001000000000000000000000000000000000000000000100000000000000000000000000000000000010000000001000000000000000010000000000000000000000
0011101001011100101100110100010010110101111010000010100101100010100011000101000101011111000111001101010001011111000111100100110001111001011100000001010000010000010
0000000000000000000000000000100001000000000000000000000000000000000000000000000000000000000000000000000000000000010000000001000000000000000010000000000000000000000
0000000000000010000000000000000000000000000000000000000000000000000000000000100000000000000000000000000000000000000000000000000000000000000000000000000000000000000
0000000000000000000000000000100000000000000000000000000000000000000000000000000000000000000000000000000000000000010000000001000000000000000010000000000000000000000
0000000000000000000000000000100000000000000000000000000000000000000000000000000000000000000000000000000000000000000000000001000000000000000010000000000000000000000
0000000000000000000000000000000000000000000000000000000000000000000000000000000000000000000000000000000000000000000000000001000000000000000010000000000000000000000
0011101001011100101100110100010010110101111010000010100101100010100011000101000101011111000111001101010001011101000111100100110001111001011100000001010000010000010
0011101001011100101100110100010010110101111010000010100101100010100011000101000101011111000111001100010001011101000111100100110001111001011100000001010000010000010
0000000000000000000000000000000000000000000000000000000000000000000000000000000000000000000000000000000000000000000001000100000000000000010000000000000000000000000
0011101001011100101100110100010010110101111010000010100101100010100011000101000101011111000111001100010001011101000110100000110001111001001100000001010000010000010
0000000000000000000000000000000000000000000000000000000000000000000000000000000000000000000000000000000000000000000001000000000000000000010000000000000000000000000
0000000000001100000000010000000000000000000000000000000000000000000000000000000001000000000000000000000000000000000010000000000000100000000000000000010000010000010
0011101001010000101100100100010010110101111010000010100101100010100011000101000100011111000111001100010001011101000100100000110001011001001100000001000000000000000
0000000000001100000000010000000000000000000000000000000000000000000000000000000001000000000000000000000000000000000010000000000000100000000000000000000000010000010
0000000000001100000000010000000000000000000000000000000000000000000000000000000000000000000000000000000000000000000010000000000000100000000000000000000000010000010
0000000000000100000000000000000000000000000000000000000000000000000000000000000000000000000000000000000000000000000000000000000000000000000000000000000000000000010
0000000000001000000000010000000000000000000000000000000000000000000000000000000000000000000000000000000000000000000010000000000000100000000000000000000000010000000
0000000000001000000000000000000000000000000000000000000000000000000000000000000000000000000000000000000000000000000010000000000000100000000000000000000000010000000
0000000000001000000000000000000000000000000000000000000000000000000000000000000000000000000000000000000000000000000010000000000000000000000000000000000000010000000
0000000000001000000000000000000000000000000000000000000000000000000000000000000000000000000000000000000000000000000000000000000000000000000000000000000000010000000
0001000001000000000000000000000010000000000000000000000100000000000000000000000000000000000000000000000000000000000000100000000000010001000000000000000000000000000
0010101000010000101100100100010000110101111010000010100001100010100011000101000100011111000111001100010001011101000100000000110001001000001100000001000000000000000
0000000000000000000000000000000010000000000000000000000000000000000000000000000000000000000000000000000000000000000000100000000000000001000000000000000000000000000
0001000001000000000000000000000000000000000000000000000100000000000000000000000000000000000000000000000000000000000000000000000000010000000000000000000000000000000
0000000000000000000000000000000010000000000000000000000000000000000000000000000000000000000000000000000000000000000000100000000000000000000000000000000000000000000
0000000000000000000000000000000000000000000000000000000100000000000000000000000000000000000000000000000000000000000000000000000000010000000000000000000000000000000
0001000001000000000000000000000000000000000000000000000000000000000000000000000000000000000000000000000000000000000000000000000000000000000000000000000000000000000
0010101000010000101100100100010000110101111010000010100001000010100011000101000100011111000111001100010001011101000100000000110001001000001100000001000000000000000
0000000000000000100000000000000000000000000000000000000000000000000000000000000000000000000000000000000000000000000000000000000000001000000000000000000000000000000
0010101000010000001100100100010000110101111010000010100001000010100011000101000100011111000111001100010001011101000100000000110001000000001100000001000000000000000
0000000000000000000000000000000000000000000000000000000000000000000011000000000100001101000000000000000000000100000100000000000001000000000000000000000000000000000
0010101000010000001100100100010000110101111010000010100001000010100000000101000000010010000111001100010001011001000000000000110000000000001100000001000000000000000
0000000000000000000000000000000000000000000000000000000000000000000011000000000000001101000000000000000000000100000100000000000001000000000000000000000000000000000
0000000000000000000000000000000000000000000000000000000000000000000011000000000000001101000000000000000000000100000000000000000001000000000000000000000000000000000
0000000000000000000000000000000000000000000000000000000000000000000011000000000000001001000000000000000000000100000000000000000001000000000000000000000000000000000
0000000000000000000000000000000000000000000000000000000000000000000010000000000000001001000000000000000000000100000000000000000001000000000000000000000000000000000
0000000000000000000000000000000000000000000000000000000000000000000000000000000000000001000000000000000000000100000000000000000000000000000000000000000000000000000
0000000000000000000000000000000000000000000000000000000000000000000010000000000000001000000000000000000000000000000000000000000001000000000000000000000000000000000
0000000000000000000000000000000000000000000000000000000000000000000000000000000000001000000000000000000000000000000000000000000001000000000000000000000000000000000
0010101000010000001100100100010000110101111010000010100001000010100000000001000000010010000111001100010001011001000000000000110000000000001100000001000000000000000
0000000000000000000000000000000000000000000000000000000000000010000000000000000000000000000000000000000000000000000000000000000000000000000100000001000000000000000
0010101000010000001100100100010000110101111010000010100001000000100000000001000000010010000111001100010001011001000000000000110000000000001000000000000000000000000
0000000000000000000000000000000000000000000000000000000000000010000000000000000000000000000000000000000000000000000000000000000000000000000000000001000000000000000
0010101000010000001100100100010000110101011010000010100001000000100000000001000000010010000111001100010001011001000000000000110000000000001000000000000000000000000
0000001000000000000100000000000000000000000000000000000000000000000000000000000000000000000000000000000000000000000000000000000000000000000000000000000000000000000
0010100000010000001000100100010000110101011010000010100001000000100000000001000000010010000111001100010001011001000000000000110000000000001000000000000000000000000
0000000000000000000000100100000000100101010010000000000001000000000000000001000000000000000001000000010001010000000000000000100000000000000000000000000000000000000
0010100000010000001000000000010000010000001000000010100000000000100000000000000000010010000110001100000000001001000000000000010000000000001000000000000000000000000
0000000000000000000000100100000000100101010010000000000001000000000000000001000000000000000001000000010001010000000000000000000000000000000000000000000000000000000
0000000000000000000000100100000000000101010010000000000001000000000000000001000000000000000001000000010001010000000000000000000000000000000000000000000000000000000
0000000000000000000000100100000000000101010010000000000001000000000000000000000000000000000001000000010001010000000000000000000000000000000000000000000000000000000
0000000000000000000000100100000000000101010000000000000001000000000000000000000000000000000001000000010001010000000000000000000000000000000000000000000000000000000
0000000000000000000000000000000000000000010000000000000000000000000000000000000000000000000000000000000000010000000000000000000000000000000000000000000000000000000
0000000000000000000000100100000000000101000000000000000001000000000000000000000000000000000001000000010001000000000000000000000000000000000000000000000000000000000
0000000000000000000000000000000000000101000000000000000001000000000000000000000000000000000001000000000000000000000000000000000000000000000000000000000000000000000
0000000000000000000000100100000000000000000000000000000000000000000000000000000000000000000000000000010001000000000000000000000000000000000000000000000000000000000
0000000000000000000000000000000000000101000000000000000000000000000000000000000000000000000001000000000000000000000000000000000000000000000000000000000000000000000
0000000000000000000000000000000000000001000000000000000000000000000000000000000000000000000001000000000000000000000000000000000000000000000000000000000000000000000
0000000000000000000000100000000000000000000000000000000000000000000000000000000000000000000000000000010001000000000000000000000000000000000000000000000000000000000
0000000000000000000000100000000000000000000000000000000000000000000000000000000000000000000000000000010000000000000000000000000000000000000000000000000000000000000
0000100000000000000000000000000000000000000000000000000000000000000000000000000000000000000000000100000000000001000000000000000000000000000000000000000000000000000
0010000000010000001000000000010000010000001000000010100000000000100000000000000000010010000110001000000000001000000000000000010000000000001000000000000000000000000
0000100000000000000000000000000000000000000000000000000000000000000000000000000000000000000000000000000000000001000000000000000000000000000000000000000000000000000
0010000000010000001000000000010000010000001000000010100000000000100000000000000000010000000110001000000000001000000000000000010000000000001000000000000000000000000
0010000000010000001000000000010000010000001000000010100000000000100000000000000000010000000110001000000000000000000000000000010000000000001000000000000000000000000
0010000000010000001000000000010000010000000000000010100000000000100000000000000000010000000110001000000000000000000000000000010000000000001000000000000000000000000
0000000000010000000000000000000000000000000000000000000000000000100000000000000000000000000000000000000000000000000000000000000000000000000000000000000000000000000
0010000000000000001000000000010000010000000000000010100000000000000000000000000000010000000110001000000000000000000000000000010000000000001000000000000000000000000
0000000000000000001000000000000000000000000000000000000000000000000000000000000000000000000000000000000000000000000000000000000000000000001000000000000000000000000
0010000000000000000000000000010000010000000000000010100000000000000000000000000000010000000110001000000000000000000000000000010000000000000000000000000000000000000
0000000000000000000000000000010000010000000000000010100000000000000000000000000000010000000110001000000000000000000000000000010000000000000000000000000000000000000
0000000000000000000000000000010000010000000000000010100000000000000000000000000000010000000100001000000000000000000000000000010000000000000000000000000000000000000
0000000000000000000000000000000000010000000000000010100000000000000000000000000000000000000100001000000000000000000000000000010000000000000000000000000000000000000
0000000000000000000000000000010000000000000000000000000000000000000000000000000000010000000000000000000000000000000000000000000000000000000000000000000000000000000
0000000000000000000000000000000000010000000000000010000000000000000000000000000000000000000100001000000000000000000000000000010000000000000000000000000000000000000
0000000000000000000000000000000000000000000000000010000000000000000000000000000000000000000100000000000000000000000000000000000000000000000000000000000000000000000
0000000000000000000000000000000000010000000000000000000000000000000000000000000000000000000000001000000000000000000000000000010000000000000000000000000000000000000
0000000000000000000000000000000000010000000000000000000000000000000000000000000000000000000000000000000000000000000000000000010000000000000000000000000000000000000
0000000000000000000000000000000000000000000000001000000000000000000000010000000000000000000000100000000000000000000000000000000000000000000000000000000000000000000
1000010100000000000000000000000000001000000000000100001000000000001100100010000010000000100000000000001000100000000000000000000000000000000000001000000001000000001
0000000000000000000000000000000000000000000000000000000000000000000000010000000000000000000000100000000000000000000000000000000000000000000000000000000000000000000
1000010000000000000000000000000000001000000000000100001000000000001100100010000010000000100000000000001000100000000000000000000000000000000000001000000001000000001
1000010000000000000000000000000000000000000000000100001000000000001100100010000010000000100000000000001000100000000000000000000000000000000000001000000001000000001
1000010000000000000000000000000000000000000000000100001000000000001100100010000010000000000000000000001000100000000000000000000000000000000000001000000001000000001
1000010000000000000000000000000000000000000000000000001000000000001100100010000010000000000000000000001000100000000000000000000000000000000000001000000001000000001
1000010000000000000000000000000000000000000000000000001000000000001100100010000010000000000000000000001000000000000000000000000000000000000000001000000001000000001
1000010000000000000000000000000000000000000000000000001000000000001100100000000010000000000000000000001000000000000000000000000000000000000000001000000001000000001
0000000000000000000000000000000000000000000000000000000000000000000000100000000000000000000000000000001000000000000000000000000000000000000000001000000000000000001
1000010000000000000000000000000000000000000000000000001000000000001100000000000010000000000000000000000000000000000000000000000000000000000000000000000001000000000
0000000000000000000000000000000000000000000000000000000000000000000000000000000000000000000000000000001000000000000000000000000000000000000000001000000000000000001
0000000000000000000000000000000000000000000000000000000000000000000000000000000000000000000000000000001000000000000000000000000000000000000000001000000000000000000
0000010000000000000000000000000000000000000000000000001000000000001000000000000000000000000000000000000000000000000000000000000000000000000000000000000001000000000
1000000000000000000000000000000000000000000000000000000000000000000100000000000010000000000000000000000000000000000000000000000000000000000000000000000000000000000
0000000000000000000000000000000000000000000000000000001000000000001000000000000000000000000000000000000000000000000000000000000000000000000000000000000000000000000
0000010000000000000000000000000000000000000000000000000000000000000000000000000000000000000000000000000000000000000000000000000000000000000000000000000001000000000
1000000000000000000000000000000000000000000000000000000000000000000000000000000010000000000000000000000000000000000000000000000000000000000000000000000000000000000
