4561 4729
4561 4730
4561 4731
4561 4732
4561 4733
4561 4734
4561 4735
4561 4736
4561 4737
4561 4738
4561 4739
4561 4740
4561 4741
4561 4742
4561 4743
4561 4744
4561 4745
4561 4746
4561 4747
4561 4748
4561 4749
4561 4750
4561 4751
4561 4752
4561 4753
4561 4754
4561 4755
4561 4756
4561 4757
13666 4720
13666 4721
13666 4722
13666 4723
13666 4724
13666 4725
13666 4726
13666 4727
13666 4728
13666 4729
13666 4730
13666 4731
13666 4732
13666 4733
13666 4734
13666 4735
13666 4736
13666 4737
13666 4738
13666 4739
13666 4740
13666 4741
13666 4742
13666 4743
13666 4744
13666 4745
13666 4746
13666 4747
13666 4748
13666 4749
13666 4750
13666 4751
13666 4752
13666 4753
13666 4754
13666 4755
13666 4756
28117 4723
28117 4724
28117 4725
28117 4726
28117 4727
28117 4728
28117 4729
28117 4730
28117 4731
28117 4732
28117 4733
28117 4734
28117 4735
28117 4736
28117 4737
28117 4738
28117 4739
28117 4740
28117 4741
28117 4742
28117 4743
28117 4744
28117 4745
28117 4746
28117 4747
28117 4748
28117 4749
28117 4750
28117 4751
28117 4752
28117 4753
28117 4754
28117 4755
28117 4756
28117 4757
28117 4758
28117 4759
28117 4760
28117 4761
28117 4762
28117 4763
33750 4727
33750 4728
33750 4729
33750 4730
33750 4731
33750 4732
33750 4733
33750 4734
33750 4735
33750 4736
33750 4737
33750 4738
33750 4739
33750 4740
33750 4741
33750 4742
33750 4743
33750 4744
33750 4745
33750 4746
33750 4747
33750 4748
33750 4749
33750 4750
33750 4751
33750 4752
33750 4753
33750 4754
33750 4755
33750 4756
33750 4757
33750 4758
33750 4759
