5 4
2.1
4.621 14.333 11.375 4.752
5.852 20.729 10.900 0.092
6.048 8.674 1.890 14.152
2.801 7.915 5.389 0.427
0.034 24.729 5.468 1.760
7.773 15.865 1.522 4.658
9.383 6.690 3.188 13.057
13.474 0.523 14.083 1.266
4.716 9.947 9.540 15.140
8.167 8.771 0.884 6.498
5.804 8.515 4.619 9.655
7.780 0.416 3.601 7.401
3.877 5.504 10.426 19.802
4.367 5.651 22.085 8.005
3.683 9.873 7.521 4.026
1.841 3.918 17.690 30.693
15.068 3.477 2.894 3.590
12.149 2.046 1.153 3.578
1.005 4.421 8.679 3.406
2.050 3.761 2.143 3.076
5.848 6.373 7.607 14.074
14.768 1.364 13.604 10.765
8.224 8.408 12.488 17.657
1.792 12.847 6.582 8.823
19.941 3.389 15.133 4.466
3.200 13.564 4.399 5.225
11.499 7.452 2.508 17.386
3.129 0.021 14.559 9.757
3.213 4.921 14.867 12.731
10.657 0.722 12.355 16.680
3.324 9.201 2.000 1.061
2.048 11.667 3.143 3.919
11.816 11.382 1.018 8.171
21.697 7.273 20.388 3.442
1.510 2.297 3.855 10.495
1.628 4.642 16.498 13.968
5.752 14.830 8.142 7.325
13.322 0.672 1.913 15.512
7.084 6.711 10.027 4.858
14.316 12.993 2.799 9.004
3.141 6.542 16.901 1.282
1.543 8.989 9.560 0.949
4.426 6.674 6.936 0.359
0.952 5.846 20.732 3.656
10.404 1.187 6.245 5.114
16.325 7.171 3.972 12.228
11.560 16.849 0.501 16.885
8.045 6.804 6.395 8.464
8.872 9.744 2.946 14.141
13.636 1.407 7.167 8.279
8.785 11.806 26.461 11.555
2.685 0.680 0.320 13.692
7.402 2.552 0.873 5.946
1.019 1.790 1.709 28.073
8.755 0.166 8.765 0.481
25.298 7.904 8.753 7.821
4.534 8.039 0.559 1.695
7.967 5.242 11.679 0.711
0.531 5.939 8.326 17.583
17.790 5.589 1.088 7.263
2.814 10.585 0.940 4.360
6.621 7.547 4.023 1.028
1.449 1.014 3.094 7.619
4.952 18.524 3.984 7.437
2.190 15.753 17.172 9.743
2.992 10.819 5.229 2.141
4.250 3.641 0.919 5.810
6.402 11.757 3.222 3.472
6.580 2.177 3.373 2.397
2.474 4.635 14.357 7.770
0.787 20.586 15.762 5.647
6.266 22.184 1.307 2.131
1.769 4.317 8.708 8.138
7.481 8.692 13.904 2.041
1.279 3.299 12.853 4.552
9.227 9.829 5.481 17.545
26.174 4.046 6.637 5.916
1.340 16.422 3.966 6.073
4.208 4.255 3.327 20.778
6.767 5.171 5.287 8.634
5.251 13.071 1.629 5.615
6.265 0.851 3.688 5.621
0.531 31.978 3.592 9.643
4.907 4.366 13.525 14.429
15.931 11.001 26.117 0.809
14.557 15.413 7.581 12.296
1.729 6.186 11.807 3.597
3.523 7.516 17.058 3.259
2.819 2.650 18.019 12.233
12.263 3.793 2.204 4.722
1.011 11.219 14.845 9.058
5.864 21.613 4.753 3.388
5.068 12.905 3.943 23.620
9.903 3.344 1.967 5.728
1.847 5.499 24.617 14.928
2.281 12.092 1.688 4.279
10.172 5.399 4.208 0.444
5.373 5.423 24.184 13.773
7.038 13.439 8.809 17.582
16.427 9.102 14.894 11.455
8.748 17.776 18.466 4.013
0.482 3.615 9.244 3.733
8.031 4.319 14.715 23.847
7.319 8.414 5.332 5.242
14.637 10.378 14.891 5.099
9.382 9.551 7.014 8.026
1.041 6.599 10.364 22.396
2.133 3.783 10.355 1.482
3.002 5.438 6.681 4.685
11.954 0.844 0.885 17.294
16.059 7.133 0.924 4.372
7.090 3.434 0.396 14.148
6.997 7.003 7.587 11.829
15.014 21.076 21.684 2.941
11.884 9.806 11.863 7.124
2.672 6.854 1.405 8.307
11.649 1.690 17.668 5.739
3.724 0.122 14.453 14.984
10.268 1.211 3.886 5.525
0.034 5.023 9.874 11.522
2.556 21.595 1.481 4.986
4.517 5.609 1.695 12.853
3.784 18.137 1.220 4.008
3.838 2.310 3.217 10.183
5.927 3.428 18.970 6.578
12.588 24.540 4.260 2.216
0.449 1.601 1.755 2.527
7.235 10.379 7.038 8.972
0.884 4.206 8.685 3.208
4.451 0.005 7.432 8.653
2.991 23.419 7.643 3.280
13.415 5.997 0.168 8.366
1.495 0.189 14.681 14.322
17.855 4.364 0.972 12.828
8.344 5.882 4.054 6.396
22.422 4.564 9.942 0.153
9.031 4.181 6.622 2.267
10.943 9.336 2.631 16.112
4.770 6.544 4.016 23.881
5.107 11.269 4.133 5.557
0.502 10.869 2.230 6.277
8.592 6.254 3.339 17.283
3.646 1.741 5.430 14.899
1.896 11.246 1.546 7.416
3.138 1.665 20.196 17.552
5.511 11.564 3.368 10.588
15.608 11.931 1.227 5.083
4.070 11.271 7.718 4.585
7.054 18.299 3.016 9.080
15.314 7.928 7.333 6.419
8.370 0.208 22.384 12.155
3.941 2.083 14.243 18.134
8.335 0.734 2.684 5.259
2.203 6.757 0.760 7.966
13.152 4.593 1.215 9.594
15.042 12.873 16.018 5.249
0.077 2.495 10.409 6.603
6.470 4.866 10.425 10.700
2.600 10.920 4.247 1.147
0.699 21.482 9.735 4.621
5.169 1.719 0.709 4.545
9.281 1.507 5.254 12.570
12.583 3.748 3.850 0.889
3.713 25.250 6.209 26.846
25.377 12.927 4.354 4.088
1.772 4.697 19.459 19.439
8.304 1.939 1.517 13.050
7.646 9.543 2.824 2.630
13.188 2.304 9.124 2.243
3.418 6.961 0.539 6.430
7.744 1.613 2.025 14.840
15.168 1.527 5.992 6.818
3.092 6.993 5.099 0.403
4.483 10.786 0.774 5.034
11.190 5.354 15.644 12.877
2.478 9.893 9.448 11.479
11.523 6.043 5.168 0.769
19.994 4.056 3.925 9.760
6.712 9.745 9.229 8.487
6.151 3.068 4.721 1.755
9.699 4.283 13.939 7.639
20.708 1.232 1.006 7.900
16.059 14.034 13.454 11.511
20.711 10.273 6.951 12.594
12.856 1.853 2.185 3.319
5.370 10.879 12.111 11.750
9.798 1.771 1.322 0.025
5.520 9.091 2.468 9.988
14.611 6.561 10.651 7.194
15.634 7.847 6.295 6.216
2.253 8.970 16.278 7.049
12.240 13.126 0.855 12.133
6.050 3.887 14.142 9.852
17.180 1.872 3.689 2.543
4.844 3.663 5.319 27.038
3.231 11.919 9.050 12.061
7.200 1.094 2.344 5.919
0.547 18.962 18.737 15.188
1.585 19.579 1.899 11.572
1.518 2.550 9.753 5.414
0.312 7.139 7.647 0.151
18.734 0.392 22.762 3.574
1.404 7.404 8.698 10.118
2.898 4.250 11.869 4.075
3.608 12.191 9.480 0.072
14.780 4.289 4.404 8.216
9.179 14.758 1.866 11.959
5.921 2.117 4.255 12.130
4.323 23.199 4.959 13.015
11.254 9.565 18.929 0.470
9.860 11.141 6.554 13.077
1.340 6.174 3.046 3.301
1.295 1.542 10.893 6.931
15.617 11.642 8.811 7.984
10.268 9.364 8.756 4.748
22.919 8.742 0.257 4.723
9.880 10.387 1.184 0.162
8.134 0.576 10.501 5.854
8.236 9.065 5.969 6.080
10.105 2.704 8.435 2.031
13.942 7.498 8.957 4.998
0.573 14.131 14.482 5.248
19.317 9.596 12.375 5.959
10.554 13.586 11.095 4.200
3.504 3.098 8.618 10.159
15.878 10.061 1.143 0.134
6.108 4.179 0.703 8.275
6.521 3.547 0.264 8.847
6.978 7.556 8.832 13.590
4.533 12.553 1.878 19.704
6.833 11.980 9.959 0.544
5.401 0.256 11.633 0.016
1.259 19.941 5.094 17.473
4.751 11.058 8.454 6.232
7.088 25.699 15.486 5.502
9.749 3.383 12.494 14.524
9.602 2.872 9.617 6.140
19.714 4.278 3.904 2.165
3.763 13.804 3.363 2.382
0.100 4.655 15.435 18.509
2.502 11.375 2.071 1.627
14.456 7.542 7.113 5.682
3.078 8.902 2.439 14.783
3.110 16.028 3.238 4.462
13.618 8.992 2.794 9.636
7.557 11.413 4.496 0.079
6.269 2.047 4.351 15.147
5.436 4.761 13.980 11.843
4.177 18.547 6.467 10.271
7.591 0.428 16.478 2.734
11.389 10.747 21.207 4.703
3.341 8.231 4.245 3.046
3.457 10.751 3.258 16.442
13.456 5.156 10.648 4.585
0.199 22.011 3.445 0.029
16.153 11.371 9.044 13.927
18.867 7.543 12.019 12.204
3.470 0.734 5.321 14.228
12.511 6.329 5.189 10.586
10.054 1.167 5.330 2.947
3.459 2.188 3.205 5.538
6.525 10.913 5.088 11.552
24.982 2.389 5.186 2.085
7.569 7.075 3.957 6.174
11.595 3.754 12.906 10.525
2.169 6.946 9.559 5.921
11.017 8.455 22.160 14.252
2.069 11.874 3.108 1.070
17.450 1.524 11.440 5.581
2.200 7.277 17.167 14.741
0.540 6.604 1.044 17.243
4.016 1.230 21.081 0.676
8.180 8.027 6.432 18.017
2.849 13.224 2.369 21.898
13.653 9.588 2.992 16.020
0.205 3.441 5.148 21.207
14.990 7.683 2.465 1.244
7.544 7.105 1.737 15.758
2.716 7.620 5.436 26.349
6.639 6.501 8.719 12.811
4.128 5.217 0.643 8.131
18.673 3.740 3.586 5.214
2.651 12.290 2.153 6.720
14.275 6.152 7.259 1.498
10.633 6.095 12.601 7.714
1.548 3.013 15.584 11.275
8.125 6.338 9.938 4.014
2.887 5.789 14.275 2.719
0.628 5.077 2.709 17.550
11.433 15.178 2.633 0.214
12.981 10.057 16.822 11.860
11.320 14.040 14.368 2.395
5.070 3.367 12.208 3.004
11.646 2.136 1.697 3.715
13.698 11.935 15.001 11.122
8.519 13.853 26.669 1.847
18.005 1.983 21.345 18.887
5.253 5.406 11.592 5.013
2.144 20.993 11.154 3.998
0.484 13.189 4.219 1.379
8.899 6.648 3.134 4.982
3.790 1.027 20.117 34.813
8.224 19.403 2.840 11.774
5.526 0.805 7.419 8.962
10.732 27.415 8.828 2.209
18.758 4.780 8.533 0.521
12.392 7.814 9.520 2.159
2.070 6.267 5.682 3.902
0.901 16.056 0.767 3.353
12.460 20.073 5.914 7.194
7.377 25.387 5.335 1.319
4.256 12.204 15.277 3.128
2.676 8.398 4.213 0.451
15.571 18.314 18.261 4.098
1.223 4.818 17.322 13.481
7.152 0.363 7.993 0.785
3.176 5.074 5.781 5.436
1.966 19.116 11.764 0.481
4.044 4.899 6.212 3.743
6.336 2.840 3.800 7.714
15.353 13.530 29.192 5.132
18.759 0.573 9.026 2.436
4.106 13.464 0.540 16.897
2.845 24.686 1.031 18.203
17.890 1.279 5.350 7.087
5.167 6.972 1.813 2.003
10.043 15.074 9.439 2.794
8.915 16.069 0.697 12.005
23.408 7.146 1.837 6.019
2.235 7.820 7.044 2.162
17.164 8.107 3.604 8.442
2.844 13.415 0.439 4.644
3.617 2.376 3.982 6.907
12.973 14.447 8.909 6.580
13.866 7.533 0.888 6.693
7.577 12.534 10.373 13.481
0.959 18.382 1.201 3.917
14.046 5.849 3.575 5.167
11.765 12.439 2.239 2.781
19.913 6.670 19.360 4.002
2.567 11.643 19.680 1.714
1.919 6.483 2.087 9.397
15.634 3.210 0.782 6.612
3.011 16.901 16.609 8.212
12.115 11.551 0.486 16.308
15.001 13.298 3.426 5.471
7.341 7.072 25.306 23.678
1.339 13.845 8.383 12.125
3.831 7.586 0.843 4.239
2.736 5.925 13.133 1.187
11.534 2.456 2.589 5.089
5.454 13.448 2.229 17.930
0.651 0.076 5.674 0.638
6.790 15.437 1.215 5.200
19.525 0.674 15.560 4.342
2.566 5.314 23.942 15.782
18.354 3.428 0.415 1.844
6.984 2.635 3.103 15.544
4.042 12.382 10.228 0.691
0.483 11.459 5.067 11.006
20.085 0.621 16.937 11.994
8.357 14.346 0.214 12.107
5.358 8.884 13.355 15.524
11.652 3.306 23.270 10.256
1.197 10.334 16.039 5.135
6.282 11.455 3.279 2.549
5.539 7.000 4.907 13.525
3.228 2.860 0.614 8.124
4.622 3.473 10.604 7.914
5.778 9.106 8.328 7.823
1.946 25.610 9.497 13.836
9.583 9.178 20.651 13.959
8.336 2.216 12.676 13.270
31.369 1.239 7.701 2.487
17.703 7.339 21.771 13.083
7.629 3.855 5.660 3.558
2.621 10.529 2.523 4.264
7.351 12.133 6.862 0.329
0.942 10.522 15.652 18.863
9.097 6.071 10.664 10.168
8.067 15.439 3.664 1.479
15.503 10.020 12.247 10.061
4.314 1.940 14.077 1.221
11.949 0.054 4.421 3.855
1.564 1.944 0.711 10.146
3.529 1.212 8.818 4.943
7.782 15.092 9.085 20.947
10.819 14.783 1.659 2.227
0.352 3.324 4.729 4.466
0.168 7.278 4.532 3.362
21.876 8.198 1.875 10.737
14.900 5.195 13.379 7.934
10.986 1.583 2.471 3.047
18.786 0.925 7.959 10.500
2.106 2.480 8.003 9.467
1.106 0.476 5.845 1.284
17.125 0.827 12.480 12.257
3.808 3.354 18.862 11.823
3.345 0.663 15.271 5.777
15.469 11.951 4.395 2.512
2.436 0.733 1.956 11.763
2.244 1.494 3.973 3.274
0.366 8.666 10.753 1.633
6.727 4.988 5.251 4.684
4.062 6.014 8.513 4.443
4.929 14.234 5.893 3.010
4.167 9.938 0.282 3.078
0.126 4.527 9.925 7.973
6.282 1.866 4.091 4.235
10.760 2.547 15.236 2.238
2.725 13.926 7.378 12.474
2.051 6.702 7.599 11.233
16.960 12.093 3.833 6.302
5.570 6.525 4.049 4.842
2.994 3.177 7.701 5.915
5.534 3.734 14.083 12.028
0.839 10.831 19.197 13.348
2.248 1.678 6.139 0.512
1.038 4.916 6.127 1.905
7.034 8.430 3.377 2.613
17.064 13.426 17.042 13.001
11.535 0.498 2.344 6.612
4.121 3.094 2.060 6.441
23.691 6.448 10.985 16.295
4.899 3.256 0.479 2.588
0.558 2.527 14.223 8.354
14.503 2.518 2.231 10.889
14.396 9.629 10.139 29.731
6.146 25.306 13.692 9.144
2.365 6.934 7.527 7.512
3.231 19.930 5.475 1.484
12.130 4.940 3.083 6.988
6.337 9.021 2.899 6.134
12.386 7.555 9.808 9.810
5.145 5.405 2.867 11.322
6.769 3.642 0.530 0.973
6.733 12.908 4.213 5.608
6.590 5.563 29.776 12.593
11.839 4.142 3.658 6.109
15.655 0.952 12.270 1.082
5.987 2.955 7.347 7.555
6.762 2.876 13.539 6.098
7.826 9.981 9.309 0.041
10.555 7.135 7.844 10.491
21.034 8.081 1.859 8.133
1.079 7.450 21.714 2.655
5.778 8.353 0.010 15.901
0.365 1.519 3.624 17.075
8.240 1.987 2.680 2.138
5.734 3.059 1.716 15.160
34.731 9.236 12.934 6.589
0.415 1.331 0.007 5.874
9.628 17.595 11.593 3.906
10.836 5.043 2.452 9.170
8.686 3.739 5.245 2.858
12.775 10.301 9.554 13.645
5.538 5.925 14.593 1.084
9.369 4.469 3.608 2.823
16.110 3.268 3.682 2.215
10.559 13.111 9.914 0.165
3.813 13.240 11.082 8.921
0.892 6.922 7.764 5.869
1.130 14.775 4.950 12.205
1.684 12.903 1.480 5.252
11.060 1.866 20.335 6.677
20.127 2.539 6.549 9.504
4.471 7.240 6.356 8.666
1.138 11.429 3.213 29.336
1.304 6.957 7.375 0.420
8.563 2.968 8.036 1.143
1.795 12.252 5.734 23.025
15.638 0.312 3.825 3.628
3.725 10.409 8.837 2.051
14.604 14.760 5.265 2.646
14.897 0.770 13.107 4.286
4.097 2.061 11.221 4.214
11.266 8.182 6.586 1.527
21.056 0.040 8.638 15.023
3.210 2.571 3.759 1.710
11.071 0.311 13.506 18.558
16.182 9.112 10.459 0.469
10.866 19.897 0.576 5.364
1.719 9.958 3.633 6.880
0.774 16.810 10.615 13.728
10.259 7.466 1.315 2.437
1.137 6.168 9.007 7.466
13.113 7.021 3.554 0.402
2.537 1.705 1.296 3.208
0.961 1.214 6.537 6.180
10.436 17.979 22.950 8.246
2.595 7.922 10.483 20.658
5.258 0.870 6.148 9.486
7.834 1.926 16.959 0.234
16.262 4.322 9.550 3.893
11.803 3.482 0.571 7.903
16.520 2.302 7.878 10.269
19.641 11.332 7.730 8.894
3.258 7.711 2.489 1.866
6.442 0.716 6.140 10.341
3.180 9.134 2.633 10.195
16.215 21.365 5.565 3.441
0.065 18.724 10.337 11.163
0.368 8.936 3.786 2.349
5.403 20.696 7.409 7.402
18.296 13.521 22.569 5.188
17.812 5.389 19.336 4.178
9.960 10.018 8.567 13.472
3.566 2.721 13.400 12.448
9.775 4.520 3.482 27.141
1.212 12.851 15.623 12.365
0.264 9.486 3.842 0.235
7.939 8.136 7.038 4.623
8.517 0.471 21.033 7.980
0.792 7.459 10.166 16.070
5.241 3.147 13.840 8.926
2.818 7.043 3.582 5.270
0.769 2.034 8.900 1.095
7.592 3.068 17.378 10.131
1.788 3.113 26.475 12.393
13.983 4.687 8.378 11.851
8.713 6.882 1.360 15.690
5.621 3.920 0.242 2.177
14.118 3.480 7.005 1.732
5.894 13.954 10.640 3.107
0.381 2.319 14.541 10.606
8.058 2.734 0.413 2.472
10.419 22.464 1.539 12.540
0.434 10.470 12.626 8.674
22.326 5.529 5.533 5.238
1.201 12.804 26.920 7.453
6.393 16.734 2.887 4.542
5.378 8.763 12.167 4.097
4.797 6.922 11.113 1.416
3.975 8.057 3.771 1.725
6.683 18.330 5.298 17.601
13.638 28.157 7.578 3.559
5.789 0.647 3.429 9.373
13.318 8.965 11.471 7.606
8.687 11.900 24.006 6.873
8.544 10.360 1.145 1.136
8.504 2.663 1.984 3.460
3.046 8.767 0.315 3.355
19.423 4.721 7.107 12.370
11.677 4.371 0.342 12.873
10.427 14.106 10.930 3.453
4.851 1.985 13.597 1.260
2.184 2.294 19.014 2.133
8.591 6.086 9.255 1.474
3.600 4.104 14.081 5.697
12.723 5.679 7.011 3.372
8.943 7.402 10.961 3.887
11.021 13.364 2.697 12.536
0.794 4.577 7.706 10.939
15.802 7.570 5.574 12.245
9.614 10.338 3.014 17.268
12.512 3.257 0.143 11.660
1.676 0.192 8.570 9.161
8.152 15.254 2.071 18.605
14.717 8.782 2.018 4.560
11.779 9.401 4.116 7.411
24.887 2.026 1.730 2.831
2.074 7.057 2.046 5.188
2.635 3.821 7.419 0.492
12.042 2.440 19.431 3.265
14.117 12.788 14.223 0.197
3.105 9.984 5.818 3.743
14.321 10.249 4.557 7.714
10.968 5.605 1.842 4.713
19.562 12.342 5.147 7.830
1.786 6.736 12.642 0.761
4.520 4.215 0.823 5.795
5.689 3.094 1.658 9.356
16.666 3.877 4.662 7.480
14.052 11.152 11.405 5.292
3.492 1.396 8.528 0.938
1.804 8.296 2.690 9.768
1.115 1.487 13.549 20.268
1.848 2.060 6.715 17.273
3.594 11.927 2.956 14.520
5.425 17.413 11.797 9.220
10.436 20.823 1.961 12.008
3.340 15.539 6.694 13.294
4.459 1.439 3.518 26.333
1.974 2.035 3.939 20.462
0.721 12.853 8.322 14.625
5.906 6.262 14.402 18.872
6.274 8.911 1.918 12.233
2.072 16.247 7.120 12.800
18.475 0.976 2.887 0.483
0.280 4.758 14.243 11.087
13.335 9.360 11.856 8.252
9.329 1.662 3.595 5.036
3.023 14.402 0.297 6.870
9.749 5.332 10.467 6.332
16.203 25.687 2.091 1.073
5.490 0.151 1.399 2.645
5.130 10.267 5.655 6.248
2.731 3.399 8.206 1.112
7.505 10.522 18.983 3.312
17.722 11.329 15.345 17.686
10.205 8.721 6.367 9.144
1.712 18.558 7.779 11.801
1.291 8.626 5.369 5.501
0.575 1.776 18.471 0.358
9.845 13.704 9.209 3.965
2.875 5.158 8.709 16.118
3.938 6.197 8.681 3.270
6.185 2.579 10.079 15.730
24.989 7.034 12.167 6.917
0.236 10.805 6.873 10.287
6.999 13.021 13.980 7.771
10.438 8.403 3.253 26.446
1.145 4.526 9.338 6.108
11.533 11.843 17.516 17.342
13.536 2.393 7.777 3.907
22.072 4.617 9.810 0.828
22.112 6.961 5.332 9.976
2.839 13.851 13.008 2.056
0.428 12.209 24.295 5.963
15.183 9.141 5.439 3.750
1.297 4.731 1.477 7.210
9.070 8.109 0.940 16.228
10.043 17.290 3.839 0.162
8.594 11.015 0.469 1.898
4.744 3.699 0.186 5.494
13.903 9.753 4.031 2.478
16.730 4.919 6.088 1.751
4.577 8.024 13.180 2.687
8.856 9.613 7.701 0.685
3.224 4.601 5.787 8.872
3.720 2.796 7.215 1.202
9.695 5.380 15.853 14.224
0.508 12.327 4.654 0.263
3.554 7.738 8.008 5.189
3.556 18.385 7.838 3.340
3.176 6.254 1.559 2.368
0.288 7.441 20.300 14.787
15.974 0.146 7.071 3.033
22.439 3.595 16.137 2.633
12.896 13.610 3.369 8.225
0.100 3.145 1.109 7.159
2.324 0.181 20.029 10.037
4.991 0.773 2.745 17.347
7.517 9.298 0.097 11.375
1.458 3.335 11.178 6.861
15.496 4.168 1.390 2.195
0.165 12.062 2.972 10.152
2.262 4.179 21.883 2.593
13.092 2.410 15.423 16.907
1.154 13.520 1.729 8.327
13.350 8.293 19.802 1.782
1.671 3.299 7.552 6.151
15.595 7.555 17.417 10.989
10.290 0.263 2.165 13.823
4.360 10.500 0.766 22.515
18.544 7.280 0.727 8.910
2.240 7.089 14.019 6.989
9.058 11.437 17.832 15.489
12.412 4.926 3.969 2.787
4.420 1.664 20.784 15.669
4.432 0.730 13.837 3.118
15.222 2.329 6.916 7.392
2.973 9.672 11.167 8.836
0.222 4.102 14.964 5.726
6.231 5.621 14.129 14.212
1.145 7.395 3.334 6.392
15.006 18.060 11.864 4.575
2.588 2.196 4.744 4.550
10.356 9.816 8.624 10.880
0.499 5.333 1.790 7.044
14.004 12.304 3.833 9.439
11.628 9.316 2.431 1.177
6.354 21.952 9.970 8.988
16.579 7.629 14.343 0.572
6.737 6.530 16.517 9.479
0.518 16.459 13.931 6.978
11.978 12.068 12.086 13.686
3.968 6.143 2.336 4.773
0.588 12.487 5.705 12.337
12.645 2.856 3.944 6.659
21.748 22.329 15.771 2.503
5.054 13.946 1.162 4.554
7.138 3.410 6.632 1.034
8.555 19.402 9.040 15.552
4.829 7.958 14.281 3.890
14.472 3.758 4.014 4.190
0.727 2.825 23.401 11.445
9.337 15.453 5.740 16.627
3.183 5.791 0.941 28.181
9.181 8.670 5.699 5.172
5.795 6.407 27.497 9.489
9.206 8.492 1.881 14.644
4.348 11.240 0.978 16.044
15.122 9.963 15.366 2.120
0.718 16.844 4.317 15.811
25.844 11.804 14.178 1.792
12.927 6.226 10.566 0.307
8.357 1.243 4.695 8.379
4.534 13.585 0.604 14.733
6.735 7.258 3.417 8.335
15.405 9.018 0.769 10.625
3.277 7.013 5.248 3.980
11.188 9.094 1.192 10.183
0.836 15.191 1.457 1.108
2.369 4.372 0.620 10.771
1.642 4.796 14.922 6.345
11.774 9.384 13.797 4.471
11.332 3.904 13.256 2.216
9.915 3.230 0.313 8.887
7.264 6.823 4.340 3.203
13.131 1.758 23.218 0.970
5.343 18.482 13.573 7.359
16.973 1.046 15.160 8.046
15.614 3.204 0.545 4.027
6.513 12.783 4.807 7.430
8.966 8.850 7.043 8.086
1.549 8.394 8.742 11.741
5.177 9.512 0.807 4.905
12.753 3.190 7.710 0.836
11.301 7.179 1.314 24.242
7.378 11.958 2.575 1.459
8.230 9.353 0.874 6.169
4.419 4.260 12.278 15.675
8.815 1.623 0.373 9.204
4.117 8.908 2.003 7.580
9.446 6.034 4.808 19.249
32.066 0.873 3.671 13.371
9.153 11.360 0.618 10.770
4.517 0.366 8.348 10.188
8.684 7.790 2.644 7.895
6.299 12.749 4.133 4.571
7.472 0.115 1.815 13.606
1.356 2.960 5.570 13.512
0.806 13.279 3.783 4.672
7.943 1.291 6.332 2.485
3.426 7.211 2.938 9.440
3.981 4.961 14.955 1.230
8.415 8.959 6.760 12.026
4.153 12.812 5.082 5.735
7.025 1.791 0.821 3.255
4.902 0.015 3.198 1.685
14.227 4.891 22.726 3.929
6.458 0.604 8.318 20.381
5.213 6.504 4.864 6.429
1.927 4.084 26.334 7.552
0.900 3.603 1.911 7.866
8.195 5.557 4.815 3.600
5.272 21.621 5.482 21.366
4.848 13.076 25.892 12.083
6.373 11.300 21.899 5.997
3.987 9.640 3.631 12.158
12.518 2.401 5.189 22.737
2.572 10.624 9.887 11.157
12.765 15.216 0.115 5.522
17.909 8.009 23.563 5.995
4.842 9.405 2.963 7.187
3.215 4.226 10.073 7.623
1.934 6.116 7.413 27.698
1.111 2.346 8.760 8.253
2.926 0.299 3.878 8.002
8.057 13.559 8.060 9.656
9.082 1.726 4.875 2.589
5.288 20.233 6.356 1.785
14.011 8.163 10.374 5.989
9.146 5.293 3.882 13.592
7.490 8.420 10.004 1.687
5.058 12.006 0.511 6.858
7.074 17.078 0.461 1.272
2.201 3.323 6.699 1.811
5.455 13.356 3.435 3.148
6.346 1.179 6.415 10.542
7.356 10.586 9.106 1.589
8.601 16.043 4.774 17.195
3.266 1.599 1.508 9.513
0.092 9.152 8.379 2.839
7.348 18.603 13.916 0.193
8.394 22.583 4.907 9.740
2.110 0.914 4.815 15.772
17.281 18.132 16.266 7.781
6.051 17.840 10.324 13.438
16.028 13.020 1.614 2.494
11.259 0.382 2.868 13.071
19.591 16.996 18.423 3.416
5.509 5.891 7.122 13.172
3.626 10.393 7.030 22.297
3.675 4.724 7.260 18.543
1.335 12.407 5.841 19.294
3.303 3.499 0.081 15.345
5.233 3.713 23.250 8.397
7.998 22.124 0.300 8.190
9.684 2.007 0.476 13.863
13.633 4.793 5.615 0.029
16.115 0.921 17.099 9.043
5.939 0.766 4.648 1.463
11.078 0.589 1.583 0.279
11.332 19.433 2.790 17.505
13.528 6.584 14.696 2.702
15.300 8.177 9.807 1.243
9.477 14.050 2.680 10.960
1.539 12.421 13.043 8.611
0.128 4.668 7.760 0.765
6.876 1.428 4.483 10.977
1.444 0.238 4.108 0.932
7.209 5.113 4.840 1.495
19.755 16.908 25.886 0.452
2.624 11.256 1.424 14.657
1.707 11.831 8.338 18.249
0.938 1.766 12.297 7.344
8.957 0.910 11.239 3.214
2.895 10.571 11.359 6.309
7.626 2.453 0.264 0.960
9.251 3.292 9.199 8.347
27.446 2.782 11.430 13.092
6.025 7.615 15.065 0.953
4.041 5.695 25.230 20.509
4.622 5.690 0.209 25.371
8.982 11.688 5.311 10.788
25.548 2.758 8.103 3.007
1.102 35.042 3.620 2.383
2.022 13.016 4.723 7.392
10.631 10.201 5.072 5.678
7.243 6.674 10.361 15.878
4.706 8.175 5.120 24.814
6.058 10.604 5.807 5.611
0.296 5.066 23.226 24.836
3.826 8.612 3.448 5.926
3.802 9.344 10.326 6.431
2.401 2.776 1.453 9.222
7.773 9.310 5.133 3.828
1.602 9.433 8.258 11.439
7.263 6.073 16.975 4.397
5.014 9.224 5.102 0.979
3.973 13.976 7.285 8.469
7.526 10.294 1.168 2.560
7.703 6.981 4.897 10.779
6.117 11.341 2.066 2.836
0.587 10.281 8.008 6.092
13.417 10.968 9.105 6.848
11.798 0.704 1.228 30.087
5.480 8.781 2.638 2.328
8.809 17.257 15.762 5.158
16.458 1.912 3.928 2.783
5.195 7.564 0.434 7.683
15.200 10.538 17.234 9.116
18.302 4.848 8.160 10.746
10.449 4.224 6.683 8.744
11.481 10.993 2.492 4.218
2.705 21.428 17.578 0.672
2.368 4.827 9.081 1.053
1.520 5.716 4.711 6.878
1.320 3.459 7.197 11.952
1.112 9.391 0.381 7.598
8.934 0.340 2.113 4.140
7.901 12.040 2.315 1.406
0.333 14.600 3.294 4.667
3.093 10.459 10.224 0.044
11.870 4.449 2.961 6.717
15.910 8.901 7.611 15.433
6.115 13.208 7.227 14.378
8.911 1.625 0.119 3.641
1.636 22.757 10.986 8.289
4.160 9.545 13.919 7.411
7.441 4.104 13.868 5.069
11.641 2.374 6.713 3.911
21.294 2.406 6.446 1.690
13.388 29.216 13.353 27.257
0.136 5.109 13.769 9.803
2.505 1.718 5.036 11.380
24.169 10.425 3.542 3.782
13.607 4.330 10.421 2.935
6.322 26.365 1.203 8.794
14.984 11.148 0.743 12.222
12.400 4.918 11.546 2.387
1.746 2.530 9.109 14.190
3.355 9.376 9.109 12.462
9.013 3.591 7.298 3.510
8.599 0.641 13.155 0.931
2.777 2.485 6.374 8.771
2.278 19.519 4.121 1.701
3.165 8.739 1.336 14.488
9.974 3.528 8.799 11.777
6.618 3.973 17.014 6.587
0.910 11.118 7.339 9.532
23.527 5.053 10.408 8.485
0.083 18.908 13.599 12.667
3.670 17.008 6.271 3.690
5.620 5.014 11.779 7.967
14.540 7.816 15.829 4.023
8.419 15.394 6.641 13.248
6.232 13.673 19.078 5.132
1.086 5.446 5.126 2.641
0.622 10.943 4.036 12.732
4.885 13.115 8.227 1.466
14.485 14.233 22.800 8.234
3.805 13.242 27.506 11.574
4.393 14.710 13.427 16.670
10.325 0.045 0.351 1.160
2.944 2.555 7.901 7.607
8.211 10.126 4.162 17.417
0.898 11.536 9.094 13.181
5.550 3.339 18.297 0.216
0.295 12.701 15.968 6.780
1.569 3.019 9.213 16.667
5.319 0.297 6.488 7.222
1.639 20.348 11.837 1.992
5.153 4.022 9.860 7.463
7.772 31.219 13.368 1.993
3.299 7.645 2.420 20.699
15.995 17.547 2.454 8.812
8.271 11.197 2.100 14.800
3.163 22.580 3.849 7.461
2.908 3.305 6.826 6.605
8.380 14.256 11.500 2.452
11.716 5.072 18.853 25.270
4.151 10.095 7.845 18.601
1.351 6.420 13.130 2.589
1.520 2.110 7.307 0.639
10.002 4.018 9.827 7.775
12.376 20.247 11.051 12.865
9.145 1.814 4.827 5.872
6.401 0.970 6.366 11.995
9.170 3.098 19.898 5.441
17.607 9.093 9.216 21.489
3.769 0.635 15.771 13.407
4.613 13.348 14.219 1.130
5.504 3.228 6.557 7.391
1.571 7.960 3.612 8.439
2.266 1.919 13.969 5.099
1.483 20.437 3.258 6.330
9.132 1.458 10.124 21.467
9.625 1.304 5.794 8.137
0.921 7.405 0.006 11.851
9.871 5.587 11.552 4.204
20.994 4.044 1.933 35.412
3.638 5.070 14.837 17.872
5.607 11.200 8.587 4.137
1.096 6.208 1.428 11.690
11.363 12.086 5.219 7.679
6.296 11.487 10.676 3.481
4.862 10.297 0.459 15.466
14.679 10.696 5.840 10.442
24.765 3.935 6.344 5.858
13.851 17.766 0.241 13.006
1.205 2.662 3.700 0.034
23.355 4.111 5.255 7.552
12.158 12.978 13.727 1.454
2.726 5.807 0.256 0.042
9.323 26.784 9.002 16.695
0.109 10.620 15.502 2.832
0.570 7.824 1.759 4.408
8.733 6.523 7.512 1.943
13.604 9.317 4.347 2.655
3.819 10.191 12.348 2.700
9.983 10.692 16.534 7.832
2.381 5.245 0.341 13.797
19.701 6.050 0.156 5.863
1.537 8.000 7.844 16.171
2.593 11.638 8.712 3.178
6.577 11.539 0.062 2.910
3.384 0.241 1.657 1.922
37.715 6.316 10.511 18.509
14.790 13.501 6.628 4.994
14.778 0.874 11.128 9.414
4.556 9.316 6.935 16.557
26.468 8.306 18.632 11.344
15.331 1.090 4.559 4.537
0.912 11.408 10.502 7.928
4.595 6.713 1.974 4.062
2.609 0.101 0.272 5.201
14.969 7.302 5.663 0.507
6.688 22.233 7.342 5.454
7.708 0.864 18.109 1.850
6.811 15.248 4.581 3.262
6.359 8.965 2.348 13.800
8.429 4.612 3.854 31.200
5.926 6.555 11.544 15.092
25.316 6.164 1.365 12.437
5.653 10.283 5.473 6.732
7.430 7.502 9.795 10.777
6.615 2.893 0.865 10.906
8.832 9.088 9.358 6.982
20.236 11.577 14.436 1.572
9.228 14.939 14.565 2.269
5.711 2.126 9.206 4.419
5.433 14.098 10.145 2.177
0.813 0.397 4.235 18.739
7.650 3.472 5.258 0.580
0.897 1.106 12.951 15.866
9.542 11.152 17.704 24.700
11.207 4.049 0.742 2.323
2.525 1.424 6.676 8.967
3.129 1.164 4.925 15.970
12.952 3.255 1.541 17.779
6.134 0.510 16.636 8.986
8.400 8.111 5.160 9.041
15.128 10.064 8.465 7.354
3.296 9.428 1.000 5.611
11.075 7.795 2.921 13.788
2.330 0.456 0.864 3.354
1.576 13.923 4.946 3.917
0.020 1.240 6.423 15.263
4.984 6.633 6.848 9.723
8.175 4.131 3.456 2.910
0.544 4.830 16.309 29.788
6.716 4.600 2.260 9.056
5.764 13.123 3.548 10.845
4.412 17.359 10.988 9.124
2.918 2.637 9.050 11.628
8.439 20.598 5.944 20.407
8.812 10.929 28.986 3.453
6.524 1.609 0.023 8.000
2.357 7.441 6.454 1.397
8.423 11.246 0.629 8.379
10.504 22.385 6.123 3.794
3.218 13.042 2.228 7.514
12.313 4.680 17.161 9.621
9.110 21.583 3.780 4.413
3.767 3.262 18.136 10.438
9.573 18.331 11.905 21.385
0.271 5.777 3.519 9.397
8.058 10.813 9.911 10.235
15.896 10.587 2.783 0.487
7.477 2.472 24.610 8.860
8.888 4.127 11.695 2.490
4.537 5.061 1.513 1.709
14.992 20.581 2.762 1.058
0.063 12.925 0.779 9.097
4.961 2.692 1.355 10.997
17.763 10.728 9.528 11.436
1.233 14.419 2.634 12.592
10.604 2.093 9.634 3.686
15.950 2.873 0.888 19.801
6.430 12.100 9.570 2.453
4.205 26.543 6.137 8.529
2.167 9.781 7.125 9.095
6.602 5.532 8.859 2.451
1.157 7.740 5.098 3.250
21.180 10.059 1.151 2.492
9.343 2.819 9.563 26.760
2.884 13.918 3.367 4.786
8.650 7.865 6.259 11.705
0.995 16.837 15.800 12.349
4.365 0.265 17.314 3.121
6.812 4.320 8.239 17.403
4.708 4.149 1.302 6.463
8.356 2.529 27.589 10.176
0.474 6.852 1.419 6.657
9.514 8.566 11.022 2.665
0.214 1.180 3.284 1.566
18.173 2.260 8.672 1.615
0.612 7.073 7.900 7.934
7.418 2.810 21.061 5.294
3.455 3.368 6.696 4.211
0.786 7.867 1.431 0.132
0.584 4.263 8.596 1.482
11.791 1.399 12.444 16.164
12.145 24.578 6.761 2.703
18.366 11.811 2.281 4.852
13.803 9.258 15.001 6.042
8.470 0.159 1.703 2.875
7.402 1.892 14.259 16.720
6.294 14.131 8.517 0.215
5.695 1.305 10.390 0.295
17.985 3.293 4.655 10.053
0.816 5.950 6.573 15.750
7.125 9.841 2.809 18.038
10.634 11.970 5.181 13.367
10.195 0.276 11.554 1.143
10.348 8.875 10.471 6.061
1.866 3.421 4.144 8.357
18.037 0.761 10.497 12.254
3.577 19.224 4.324 3.868
6.941 12.464 6.551 15.161
4.335 8.290 3.121 2.005
2.082 11.208 11.948 3.028
8.563 0.079 5.966 4.823
6.876 17.127 2.630 8.590
0.150 14.506 9.226 2.807
10.478 10.643 12.318 11.768
14.464 2.222 16.426 7.770
25.000 17.143 17.450 4.126
3.633 3.438 3.273 7.927
2.913 9.222 6.355 4.436
10.042 6.113 2.488 7.162
3.243 1.068 17.043 9.604
4.730 0.747 0.147 3.956
0.985 13.204 1.137 13.948
7.166 15.675 2.345 8.765
5.588 23.515 1.580 15.769
1.059 18.764 17.920 20.313
12.540 8.662 10.182 4.977
1.025 13.851 9.106 6.031
9.629 2.718 3.755 9.528
5.615 7.779 0.494 11.910
3.861 7.739 8.166 3.925
8.672 4.826 11.926 15.158
1.653 3.393 3.392 9.256
9.557 4.837 0.165 11.207
2.047 2.467 8.589 13.943
20.037 2.277 1.217 14.477
13.085 1.666 4.896 22.490
1.975 6.940 5.733 2.631
1.476 9.478 0.085 6.292
3.914 8.070 6.517 22.930
2.637 16.844 13.482 13.004
4.897 7.140 4.037 6.136
1.394 16.747 4.552 0.017
3.766 21.983 1.849 6.972
1.067 28.275 7.143 5.229
3.865 7.376 1.059 18.344
11.760 3.618 13.669 11.187
3.049 12.911 0.211 8.901
0.993 3.936 12.242 8.206
0.138 12.192 19.079 1.588
3.255 3.781 5.659 19.623
3.493 28.430 12.654 7.858
13.283 4.817 10.695 2.968
9.974 2.089 13.091 16.652
13.356 8.678 0.420 12.782
5.168 16.420 9.200 0.970
23.413 3.295 11.540 0.821
13.954 14.043 11.058 10.499
10.330 0.942 5.655 11.981
12.199 3.911 5.142 1.164
22.712 0.676 0.817 9.610
2.277 1.774 7.765 0.926
2.465 1.931 17.340 1.101
8.869 6.275 8.510 3.331
0.328 6.402 4.223 4.352
8.765 3.406 17.874 25.904
8.076 0.340 7.300 6.013
3.893 2.621 5.529 21.824
0.283 9.210 1.067 2.295
10.878 6.528 3.493 1.691
16.484 10.432 16.852 0.302
3.216 6.918 13.941 11.599
3.424 8.308 4.051 11.927
10.111 2.516 1.963 2.050
19.826 2.784 11.254 1.106
15.411 4.038 0.742 19.976
18.831 5.529 1.618 15.186
1.513 0.918 1.481 7.180
3.191 13.632 9.136 6.830
31.279 14.927 7.537 13.278
3.992 2.587 2.481 10.100
7.271 9.396 3.922 8.172
2.209 13.427 5.448 15.143
5.613 5.029 0.719 2.168
2.486 11.643 0.759 6.834
5.092 16.985 6.051 0.847
8.122 2.619 3.593 2.678
6.500 21.241 1.048 13.087
4.939 10.633 13.543 9.543
20.289 7.717 1.428 2.097
6.470 15.367 2.187 1.135
4.119 3.457 13.328 5.063
7.252 12.307 6.586 2.015
13.509 30.805 9.381 22.585
2.948 3.101 9.394 2.349
2.582 4.393 12.441 8.288
0.032 2.272 11.728 8.251
1.589 16.377 8.747 11.885
5.716 2.841 3.980 6.695
9.614 2.141 5.766 20.441
8.583 4.774 4.834 5.336
8.347 2.581 3.240 0.383
12.683 0.020 6.379 11.696
6.445 4.313 4.386 6.935
2.194 14.084 1.568 4.103
13.072 0.398 7.593 6.191
6.481 3.014 3.436 7.828
0.711 7.630 9.041 11.052
2.199 4.574 2.264 22.029
9.012 12.417 12.578 2.571
6.325 6.648 7.811 5.619
6.107 26.154 18.015 7.044
12.685 1.394 2.861 1.230
3.605 9.764 2.611 2.974
7.629 5.170 5.579 12.720
5.766 6.508 4.010 3.329
12.364 0.170 13.832 4.271
0.903 3.422 8.675 15.154
3.105 12.094 2.439 8.004
17.934 14.423 17.809 0.170
4.979 6.604 8.981 5.290
7.571 11.070 23.990 13.180
6.921 1.087 2.309 3.675
9.800 19.507 14.515 12.481
17.649 9.345 18.256 0.408
7.149 4.815 21.981 1.933
23.261 6.254 2.016 2.710
14.681 15.557 10.449 10.798
11.027 25.094 12.649 7.566
4.542 7.140 7.368 6.363
10.894 13.459 15.564 4.240
8.775 0.121 0.588 5.875
19.371 3.004 16.310 13.212
5.658 7.174 0.133 7.075
10.008 8.038 6.845 2.682
6.479 8.697 3.527 10.895
10.824 2.879 0.161 2.973
9.288 1.121 2.920 13.108
1.402 17.291 2.485 17.807
0.717 22.133 6.274 2.642
12.029 7.316 20.412 5.528
11.453 7.637 0.720 15.321
9.697 3.661 4.618 0.730
12.598 16.645 18.113 1.003
16.556 9.478 1.301 8.286
7.282 1.817 0.436 9.195
4.391 15.379 0.479 13.079
19.689 1.846 3.351 3.687
0.434 3.630 23.239 4.156
11.920 6.681 21.034 7.085
3.236 2.813 3.490 9.853
2.837 1.659 10.644 15.531
16.150 9.048 6.923 2.680
2.581 2.285 5.168 1.722
16.983 10.821 0.197 10.374
2.172 5.164 4.285 11.588
31.098 0.906 1.857 14.607
13.318 12.624 5.435 5.242
4.020 6.577 17.561 3.280
6.444 14.413 4.961 19.547
2.155 13.528 8.218 13.999
19.539 5.053 17.908 5.867
5.199 9.357 5.641 7.501
3.815 8.491 7.974 1.047
19.945 11.351 21.080 5.556
8.078 10.708 6.711 1.064
8.432 4.053 14.236 1.224
0.398 10.076 16.119 12.823
6.443 1.894 18.822 12.811
6.532 1.769 4.250 20.569
14.323 7.384 18.490 5.219
0.943 26.813 3.866 3.930
17.005 17.952 4.882 11.917
14.211 1.562 18.751 15.345
1.966 9.338 8.618 7.537
11.963 7.036 0.777 8.710
3.207 1.099 1.094 6.027
8.024 7.742 1.679 8.866
0.271 7.761 8.254 11.580
1.708 14.408 7.539 17.765
5.475 5.945 6.168 10.025
15.549 9.027 5.055 1.417
5.421 4.150 0.144 9.787
11.546 2.987 13.057 6.373
8.998 0.698 0.700 3.076
14.321 7.775 15.230 6.431
29.231 0.303 5.925 6.442
7.531 7.269 4.203 13.420
6.482 0.861 6.651 16.027
10.240 15.808 12.339 2.454
2.299 28.175 13.058 6.111
3.489 8.786 7.198 20.352
19.403 13.364 1.734 1.831
13.218 14.548 0.754 13.812
16.700 2.101 11.787 0.257
10.160 3.656 7.939 7.512
5.437 20.171 6.250 0.515
1.662 15.265 9.007 4.073
18.531 20.034 6.559 0.370
7.176 7.278 18.902 4.650
9.627 0.904 16.693 8.527
0.803 15.815 10.363 16.143
2.258 0.201 11.299 2.929
7.372 24.737 6.588 12.634
2.290 7.824 0.632 8.220
5.087 3.092 20.199 15.719
4.446 5.113 22.619 7.372
9.209 2.498 5.930 0.876
5.881 2.761 10.510 3.277
5.754 9.174 1.990 7.712
20.715 6.168 11.834 0.367
20.771 11.406 12.489 2.630
14.769 2.413 4.025 10.589
18.188 4.273 6.345 15.284
6.799 1.989 5.954 3.508
12.900 3.954 0.825 5.369
2.475 13.762 13.410 12.269
7.818 17.310 9.168 1.192
29.094 10.249 2.550 10.674
1.925 15.908 6.366 0.280
7.100 5.640 21.325 4.880
3.610 0.776 12.726 3.048
16.838 5.372 12.563 8.789
1.622 1.240 6.716 2.537
0.261 5.935 21.839 4.890
19.455 12.204 10.466 4.463
8.747 6.764 23.825 16.759
5.896 2.016 0.471 18.360
14.221 23.458 23.223 9.049
12.124 9.551 4.231 0.005
3.742 5.886 6.443 9.605
2.296 6.352 0.934 18.650
2.681 2.877 6.546 3.052
1.896 10.505 0.953 1.040
14.271 13.781 6.694 6.901
19.917 6.242 0.354 1.966
11.456 1.826 6.703 0.201
6.762 8.576 0.888 1.337
4.107 22.337 6.032 14.140
7.057 11.783 9.036 9.104
5.250 4.448 5.297 11.456
1.642 2.585 1.091 10.432
18.191 0.203 4.239 7.292
2.059 13.096 13.548 10.758
4.794 6.897 20.201 0.630
10.034 8.007 6.794 3.172
8.037 4.994 18.306 6.425
2.156 7.711 1.059 9.088
26.594 6.216 2.811 6.203
2.496 15.621 21.011 14.671
3.965 10.510 1.719 8.993
7.487 7.021 9.452 19.193
9.193 13.703 17.861 4.701
12.061 3.009 23.993 1.104
5.171 17.463 12.882 12.265
11.026 9.101 4.818 14.267
8.455 0.762 4.046 7.133
11.380 7.587 13.693 20.744
15.322 5.363 29.469 16.008
10.693 12.077 14.348 22.920
0.410 11.672 3.655 6.435
6.279 12.112 14.844 9.507
3.445 4.257 9.420 17.770
14.340 7.921 1.493 13.948
6.409 1.159 8.641 5.743
9.280 5.479 1.689 6.837
4.508 3.338 3.312 16.583
15.520 0.750 13.962 6.385
5.954 3.474 6.147 0.976
4.597 12.410 2.895 14.210
1.673 0.405 4.083 13.096
0.862 7.136 2.510 12.034
3.171 0.548 1.763 9.816
29.321 2.339 6.471 5.071
9.022 5.385 9.052 17.790
12.411 8.930 0.710 1.782
12.190 1.103 6.177 3.636
9.988 16.815 17.773 24.281
25.372 6.745 2.397 7.473
6.147 20.976 0.455 0.159
15.498 0.018 11.985 6.080
12.378 2.104 9.043 5.085
4.773 11.822 17.761 2.170
4.166 4.799 6.426 7.441
7.553 6.407 8.074 7.805
2.882 6.759 2.424 2.424
3.621 1.194 2.878 16.375
11.081 9.424 15.774 7.287
3.843 18.521 12.839 4.782
2.871 1.182 13.146 1.207
5.124 7.597 2.677 0.932
11.986 0.495 12.661 9.044
7.914 12.930 18.702 17.189
0.736 7.866 1.427 3.623
6.901 2.954 4.241 4.601
8.570 4.236 0.362 9.357
6.957 12.976 2.982 1.163
9.846 7.452 7.250 20.621
4.499 20.304 10.850 2.290
6.785 17.855 3.127 4.751
5.970 0.407 20.621 5.540
0.048 12.894 5.168 7.204
1.394 13.513 13.175 24.030
3.329 14.438 4.653 15.226
2.389 9.545 5.746 11.655
5.584 3.835 4.436 0.643
0.581 2.666 6.330 1.664
11.121 14.634 4.547 5.022
15.365 17.721 9.655 1.507
9.641 5.673 6.487 1.591
25.303 12.516 0.402 5.954
21.476 2.941 4.625 31.207
1.211 5.179 2.432 9.380
6.163 14.177 17.813 0.338
9.718 1.588 3.693 9.918
4.487 6.547 11.173 3.492
2.261 11.178 2.977 11.353
12.788 0.397 16.755 0.691
10.224 5.547 0.336 6.335
0.955 11.868 15.837 2.473
0.159 9.946 21.586 0.422
1.183 1.339 4.077 0.932
16.620 3.200 3.976 19.275
11.170 19.541 7.181 14.143
16.634 5.297 13.856 1.966
11.686 5.528 9.285 11.390
0.739 1.186 7.981 5.143
5.471 3.562 8.686 15.688
14.740 4.228 5.821 2.724
2.237 2.839 10.432 13.711
9.644 1.688 14.864 7.492
22.422 6.795 14.025 0.047
4.401 9.146 0.532 2.356
1.248 6.606 5.620 4.938
14.655 6.202 8.668 11.193
2.020 11.046 4.557 1.831
0.546 22.624 4.110 2.421
12.301 2.842 4.719 2.372
2.066 7.149 0.911 3.454
1.952 6.713 6.268 4.094
4.099 6.928 9.954 4.334
7.335 4.822 0.259 4.291
7.373 12.002 2.508 4.708
3.169 4.918 0.844 13.952
0.273 4.965 4.846 3.212
7.361 2.418 33.085 8.234
24.142 7.835 9.099 11.708
1.861 6.448 6.871 10.692
7.901 10.394 6.789 26.923
3.409 3.186 8.219 2.830
3.850 19.393 0.051 13.485
5.202 19.532 0.147 14.637
2.959 12.641 3.633 2.586
4.431 17.010 3.505 18.191
11.233 5.922 6.148 2.174
10.376 4.966 1.259 16.109
15.356 6.188 3.361 1.020
14.499 5.945 0.994 6.576
2.229 4.270 0.148 4.758
0.942 3.377 12.941 13.038
20.680 6.984 9.116 0.645
3.440 10.858 3.097 13.783
5.940 4.907 6.129 6.805
16.185 5.066 4.640 5.422
5.923 16.551 14.365 15.408
7.006 2.158 6.829 11.816
5.315 2.828 0.306 7.296
5.772 3.810 2.170 23.237
35.461 7.383 4.677 18.230
11.395 7.873 3.670 1.200
3.591 4.211 6.002 19.766
0.791 12.565 14.280 7.166
1.018 1.032 10.387 2.212
8.784 12.526 12.404 4.995
8.767 3.625 8.871 1.996
16.755 2.414 4.565 4.671
1.376 6.575 15.402 16.312
14.168 1.812 2.102 3.708
2.906 12.635 6.823 0.544
20.392 5.760 2.631 3.480
14.036 3.430 10.660 5.490
2.749 1.658 22.486 6.613
8.457 12.046 18.378 17.745
5.672 3.944 1.299 10.681
7.665 14.175 5.757 8.021
8.593 2.954 5.207 1.451
5.000 9.345 0.320 4.305
0.051 13.655 2.402 3.425
9.153 4.604 9.495 2.771
20.920 16.345 21.552 4.516
18.199 9.876 12.569 9.144
6.083 0.834 5.072 6.875
7.187 15.877 9.159 7.796
0.257 0.700 4.135 5.130
4.188 2.342 10.813 4.539
5.767 1.506 23.930 3.527
11.599 17.735 12.724 5.228
8.923 14.072 11.653 4.522
18.810 1.614 20.788 3.832
14.060 2.723 14.472 13.341
21.442 0.849 6.122 2.689
4.438 6.275 18.255 3.901
