1111111111111111111101111111111111111111111111111111111111111111111111111111111111011101111111
0000000100000000000000000000000000010000000000000000000000010000000000000010000011000000000000
1111111111111111111111111111111111111111111111111111111111111111111111110011011111111111111111
1110111111111111111111111111111111110111111101111111111111111110111111111111111111111111111111
0000000010000000000000010000000000000000000000000000100000000000000000000000000000000000000000
0000000000001000000010000000000000000000000000000010000001000000000000000001010000100010000001
0100001001000000100100000010000000000001100101100100010000100010010100000000000100000000001010
1111111111110111111101111111111111111111111111111111111110111111111111111110101111011101111110
0100001001100000100101000110000001000001111101100100010100101110010100011100100100000100111010
0000000000000000000000100000000000000000000000000000000000000000000000000000000000001000000000
0000100100000001000000000000000000010000000000000000000000010000000000000010000011000000000000
1111111111111111111111110111111111111111111111101111111111111111111111111111111111111111111111
1111111111111111110111111111011111111111111111110111111101111111111111111111111111111111111111
0111001001111000101111000110101101101001111111101111010111101111010110111101110100100111111011
1111111111111111111111111111111111111111110111111111111111111011111111111111111111111111111111
1111110111111111111011111101111111111111111110011111111111011101101111111111111011111111110111
1110111111111111111111111111110111010111111101111110111111111110111111111111111111111111111111
0000000000000000100000000000000000000000000000000000000000000000000100000000000000000000000000
0110001111101001101101100000000011100100001111110010100100000101101001010010111110010000000100
1011111110111111011111111111111111111111111011111111111111111111111011111111111111111111111111
0000000000000000000100000000000000000000000001100000000000100010010000000000000100000000000000
1111111111111001111111110111101101111011111111101111111111111111111110111111111111111111111011
1111101101111111101111101110111111111101111111111111011111111111110111111111111111111111111111
0000000000000000000000000000000000000000000000000000000000000000000010100000000000000000000000
0000000000000000000000000000000000001000000010000000000000000000000000000000000000000000000000
1111111111111111111111101111111111111111111111111111011111111111111111111111111111111111111111
0000000000000000000000000000000010000100000000000000000000000000000000000000000000000000000000
1111111111111111111111111011111111111111101111111111111111111111111111111111111111111111111111
1111111111111111111011111111111111111111111110011111111111111101101111111111111011111111111111
1100111111110111110101111111010011010111111101110100111100111110111101011110101111011101111110
0000000000000000000000000000000000010000000000000000000000000000000000000000000011000000000000
0000000000001000000010000000000000000000000000000000000001000000000000000000000000100010000000
0100001001100000100101000110000001000001111101100100010100100110010100011100100100000000111010
1111111111111111111110111011111110111111101111111111111011111111111111110011011111111111001111
0111001001111000101111000110101101101001111111101111010111101111010110111101110100100110111011
0000000000000000000000000001000000000000000000000000000000000000001000000000000000000000000000
1110111111111111111111111111110111010111111101111111111111111110111111111111111111111111111111
0000000100000001000000000000000000010000000000000000000000010000000000000010000011000000000000
1111111111111111111111111111111110111111111111111111111011111111111111110011011111111111001111
1011110110111111011011111101111111111111111010011011111111011101101011111111111011111111110101
0000000000000100000000001000010010000100000000010000000000000000000001000000000000000000000000
1111111111111111111111111111111111110111111101111111111111111110111111111111111111111111111111
0000000000000000000000000000000000000000000000000000000000000000000000001100100000000000010000
0111001001101000101111000110101101101001111111101111010111101111010110111101110100100110111011
0011000000001000001010000000101000101000000010001011000011000001000000000001010000100010000001
1011111111111111111111111111111111111111111011111111111111111111111111111111111111111111111111
0100000001000000100000000000000000000000000100000100000000000000000100000000000000000000000000
0000000000000000000000000000000000000000000000000000000000000000000000000000000011000000000000
0000000000000000000000000000000000000000000000000000000000000000000000000100100000000000000000
1100111111111111111111111111110111010111111101111110111111111110111111111111111111111111111111
1111101101111111101111101111111111111101111111111111011111111111111111111111111111111111111111
0000000000000000000000000000100000000000000000001000000010000000000000000000000000000000000000
0000000000000000000000001000000000000000000000010000000000000000000001000000000000000000000000
0000000000000000000000000000000000000000000000000000000000000010010000000000000000000000000000
0000000000000000010000000000000000000010000000000000000000000000000000000000000000000000000000
1111111111111111111111111111111111111111111111011111111111111111111111111111111011111111111111
1100111111111111110111111111010111010111111101110110111101111110111111111111111111111111111111
0111011011111000111111110111101101101011111111101111111111101111011110111101111100101111111011
1111111111111111111111111111111111111111111111111111110111111111111111111111110111111111111111
1000000000000110000000001000010010000100000000010000000000000000100001000000000000000000000100
1111111111111111111111111111011111111111111111110111111111111111111111111111111111111111111111
1111111111111111111110111011111110111111100111111111111011111011111111100011011111111111001111
1110111111111111111111111111111111010111111101111111111111111110111111111111111111111111111111
1111111111111101111111111111111111111111111111111111111111111111111111111111111111111111111011
0000000000000000000001000100000001000000011000000000000100000100000000001100100000000000110000
0000000000000000000001000000000001000000000000000000000100000000000000001100100000000000110000
0000000000000000000000000000000000000000000001000000000000000010010000000000000000000000000000
0000000000000000000100000000000000000000000001100000000000100010010000000000000100000000001000
0000000000000000000000000000000001000000000000000000000100000000000000000000000000000000100000
1111111111110111111101111111111111111111111111111111111110111111111111111111101111011101111111
1111111111111111111111111111111111111110011111111111111111111111111111111111111111111111111111
0111111111111001111111110111101101111011111111101111111111111111011110111111111111101111111011
1000100100000111000000001000010010010100000000010000001000010000100001000010001011010000000100
1111111111111111111111111111111111111111111111111111111011111111111111111111111111111111011111
1000000000000000000000000000000000000000000000000000000000000000100000000000000000000000000000
1111111111111011111111111111101111111111111111111111111111111111111111111111111111111111111111
0000001000000000000000000010000000000000000000000000000000000000000000000000000000000000000000
1111111111110111111101111111111111111111111111111111111111111111111111111111111111011101111111
0111011011111000111111010111101101101011111111101111110111101111011110111101110100100111111011
1111101101111111111111101111111111111111111111111111011111111111111111111111111111111111111111
1111111111111111111111111111111111101111111111111111111111101111111111111101111100111111111111
1111111111111111111011111111111111111111111111011111111111111111111111111111111011111111111111
1011110110011111011011111101111111111110011010011011101111011101101011111111111011111111110101
0000000000001000000010000000000000000000000000000000000001000000000000000000010000100010000001
1111111111111111111111111111111111111111111111111111111111110111111111111111111111111011111111
1111111111111111111111111111111011111111111111111111111111111111111101011111111111111111111111
0000001000000000000100000010000000000000000001100000000000100010010000000000000100000000001010
1111111110111111011111111111111111111111111111111111111111111111111011111111111111111111111111
0000000000000000000000000000000000000001100000000000010000000000000000000000000000000000000000
1111111111111111111111110111111101111011111111101111111111111111111110111111111111111111111111
1111111111111111111101111111111111111111111111111111111111111111111111111111111111011111111111
1111111111111111111111111111111111101111111111111111111111101111111111111111111100111111111111
