276.784262888
375.852672888
414.707730137
432.874132888
516.588452062
519.92202745
535.883322888
663.978282888
720.345155622
793.020872888
808.387701385
821.801935182
908.047812888
965.069272888
991.453767736
1033.65204891
1060.57645209
1063.55970478
1080.19853958
1084.47547302
1093.16423289
1197.20505135
1207.20716289
1219.04261922
1226.01605304
1308.25484289
1423.28178289
1480.30324289
1506.5070109
1577.35600289
1682.95800864
1714.41491289
1724.42441289
1781.44587289
1807.86375976
1827.18392894
1845.45540289
1912.48636289
1959.49833289
2013.53404289
2016.51979289
2049.69555424
2053.34483058
2106.13560922
2113.57255289
2144.57453289
2187.1055036
2269.67366289
2272.63311289
2375.64230289
2382.75772289
2453.79483289
2476.68998289
2556.80402289
2589.77404289
2653.03161219
2690.43306518
2693.86293289
2718.81663289
2722.44044619
2780.89496289
2796.47352167
2823.2506549
2849.85712289
2851.93207289
2950.90480289
2952.97975289
3002.46784
3057.12908884
3113.96813289
3114.39599953
3139.05906289
3227.05219289
3238.12747289
3276.50483727
3339.17515289
3355.11077289
3441.26404
3502.23848289
3511.21188289
3549.2669272
3568.07140031
3570.7347242
3624.29594289
3634.32109805
3658.33959289
3731.94169629
3732.89112186
3739.32288289
3759.38727289
3810.35999289
3816.00795735
3856.44003289
3978.826208
4027.55916081
4042.51934289
4141.58775289
4179.07864151
4242.63543289
4341.70384289
