0,20000
3,12530
7,16230
10,14580
13,19535
16,10640
37,15230
43,1795
51,105
58,14025
62,11015
66,16910
74,10355
96,8570
100,13030
102,6160
108,1980
109,8055
115,13825
118,670
128,13195
130,2805
131,9425
135,17455
149,15280
153,17390
157,14395
160,6400
161,9300
163,14360
171,16995
174,10505
178,8280
183,11875
188,10825
196,1150
198,12245
209,3675
211,9725
213,9135
214,16745
221,5150
224,7565
228,11395
232,425
235,11930
237,18775
241,880
248,10280
253,11150
264,2545
276,705
283,1590
285,2660
294,10315
296,14490
298,10375
300,14055
304,2305
305,9735
308,17925
310,17040
313,1580
330,5820
331,17275
334,16775
346,2495
347,9980
348,16460
350,19225
351,18720
356,14510
357,5695
359,1565
362,17245
377,2390
381,11175
384,3095
391,10775
394,15915
399,15110
402,13085
410,12445
411,11620
414,920
425,13395
427,19035
430,10785
432,4985
433,17725
436,6695
442,1300
443,16595
445,17375
450,3660
451,17000
453,2770
454,16475
459,15530
465,12285
469,1695
470,19355
499,19975
503,1530
508,690
523,1045
526,7630
530,10020
533,19660
545,2870
554,6975
558,7860
564,1070
568,4060
572,5205
573,18060
580,15300
586,8265
589,15625
591,15095
600,9655
604,15735
606,4750
607,17365
620,15415
629,9185
633,19995
637,8480
643,2125
648,9310
661,11895
663,8405
665,13955
672,8320
674,8865
676,9595
677,17815
681,11145
684,19025
685,1680
686,6950
689,5955
692,18205
710,1895
712,1730
714,17745
718,15385
727,6990
728,8895
733,6450
737,8010
740,11375
742,7575
746,9625
757,7260
769,12535
770,1125
780,3915
781,12955
782,17595
787,11040
797,5320
800,19870
803,5450
805,1310
816,13760
818,10370
820,8165
821,16440
826,7815
832,3905
834,2455
840,18470
846,6885
851,1785
868,2080
874,5485
876,4110
880,12640
881,11205
883,3585
903,16925
904,18005
905,16955
906,6605
907,13870
912,9750
913,17425
917,4055
919,14625
921,745
928,10925
930,19765
940,365
945,8775
946,18130
957,15325
966,7475
968,2475
974,9500
978,10535
980,10895
981,8980
983,13985
994,5270
1017,6815
1018,19395
1027,8580
1028,9195
1045,8300
1047,15745
1058,6750
1064,19345
1066,10680
1071,1675
1077,3195
1087,7595
1089,6320
1093,14615
1097,12320
1107,8875
1109,10720
1119,17910
1121,9940
1122,3995
1132,14630
1145,19235
1151,10760
1152,19180
1155,15825
1164,795
1169,3110
1174,4695
1176,19330
1178,16555
1179,15570
1183,13170
1184,4395
1186,265
1192,3875
1195,7360
1201,16520
1203,305
1209,1935
1215,495
1221,15050
1223,15100
1228,5605
1230,16340
1246,4445
1258,5825
1261,3755
1262,3885
1268,17880
1271,2875
1273,15065
1276,6910
1289,4660
1291,4265
1293,17260
1297,7370
1300,17500
1303,14825
1311,8440
1315,14795
1331,760
1337,1605
1338,3690
1355,13045
1356,15475
1362,18345
1364,12150
1367,4770
1374,7660
1380,1815
1381,17580
1396,4045
1408,9840
1413,10740
1419,1780
1426,8985
1427,7460
1430,14445
1439,4025
1440,13145
1441,6000
1451,19615
1453,15990
1464,16250
1465,4120
1466,11250
1482,13475
1500,2170
1508,2915
1514,3360
1528,9715
1536,16500
1540,5875
1541,8765
1542,7530
1543,16795
1545,16825
1559,3025
1560,8835
1561,11825
1568,11255
1576,10175
1578,4505
1585,2100
1595,8445
1599,1505
1600,14050
1604,5260
1610,11800
1615,8720
1631,1180
1636,17435
1637,13990
1638,14705
1639,3365
1643,11610
1645,4720
1647,2165
1653,18815
1658,2250
1668,17195
1669,19830
1672,570
1674,8950
1686,10805
1688,19525
1692,9220
1699,17710
1700,16470
1711,6065
1712,13695
1717,11095
1721,17035
1736,14225
1744,370
1748,7010
1750,1715
1754,11865
1759,10165
1761,6520
1771,3975
1781,5380
1784,8070
1785,14965
1793,15880
1794,7320
1805,420
1812,7330
1814,5705
1818,17380
1829,6765
1838,14805
1846,19610
1850,7215
1854,2635
1857,12395
1860,13480
1862,6210
1864,6170
1869,19230
1871,11695
1878,750
1884,18655
1891,4175
1892,1010
1893,16980
1898,4670
1913,16735
1919,13535
1926,19285
1927,9555
1929,19385
1931,1965
1935,8330
1937,485
1943,4825
1945,13200
1949,17575
1952,9460
1962,5265
1963,13425
1972,6425
1979,810
1987,8860
1999,16040
2000,7480
2006,15550
2007,11310
2011,6810
2016,1860
2017,19305
2018,14750
2024,16305
2027,12650
2036,17655
2037,5790
2042,13430
2044,18725
2051,2465
2053,1405
2054,2075
2061,815
2066,1495
2088,19510
2094,18585
2099,5650
2110,6875
2112,14870
2114,6135
2117,11680
2140,7745
2154,470
2161,780
2164,6915
2169,3455
2176,17185
2183,9140
2186,11085
2195,12130
2197,10885
2203,14065
2207,18230
2211,4365
2212,9800
2224,16740
2225,4115
2227,13705
2237,16835
2238,1825
2241,875
2243,1930
2245,17280
2250,4990
2254,7970
2261,1120
2262,18340
2267,1245
2270,2695
2273,1430
2285,15525
2288,9760
2293,18240
2296,14530
2309,12220
2333,16190
2336,8550
2337,3545
2338,6785
2342,13225
2346,7345
2348,18600
2354,19030
2356,6745
2358,3400
2360,6240
2363,18455
2371,11045
2379,2345
2380,8335
2386,19815
2391,17325
2397,960
2400,850
2408,17915
2409,3700
2411,7240
2414,1140
2425,6145
2433,6880
2449,14295
2453,9895
2461,11900
2470,5175
2476,11700
2478,17200
2481,11725
2483,12830
2486,17010
2487,4345
2492,15540
2497,7505
2507,19795
2518,8040
2519,11285
2521,1340
2525,11885
2527,11965
2537,12275
2540,7285
2548,18865
2549,4010
2553,15905
2554,445
2559,17115
2567,13350
2570,11845
2574,16540
2582,6960
2590,13800
2593,10510
2595,4190
2597,2020
2598,15405
2601,8500
2617,13495
2621,5410
2622,12455
2629,19745
2630,1315
2632,19630
2634,5220
2642,5365
2646,4970
2647,4650
2654,10490
2655,3775
2658,4180
2672,16730
2674,5715
2679,12580
2682,6085
2685,1535
2686,11365
2687,9765
2692,18910
2700,7785
2705,17605
2717,545
2718,18150
2722,1865
2727,16240
2728,5665
2730,7765
2731,9350
2738,10545
2739,9945
2741,19865
2746,5355
2748,10080
2759,45
2762,19310
2764,5110
2766,15075
2771,5210
2775,10815
2794,14910
2795,15460
2796,2190
2797,17025
2802,13680
2805,13725
2807,7690
2811,680
2815,18940
2816,13835
2819,1295
2820,7280
2821,40
2822,3260
2824,17865
2825,1155
2834,3265
2835,14875
2841,2285
2844,12010
2847,10770
2848,7500
2849,11840
2855,3060
2865,590
2873,15225
2874,12440
2879,1080
2880,18320
2881,8190
2883,12685
2884,6825
2885,16290
2891,10520
2894,8575
2895,19490
2896,19720
2907,14480
2916,8970
2922,9170
2929,1050
2932,6805
2934,4580
2936,9390
2941,11005
2945,15285
2948,13245
2953,18185
2956,18110
2960,9900
2962,19220
2968,6670
2969,17215
2977,7775
2979,915
2987,19885
2991,8130
2997,4315
2998,4380
2999,4260
3010,9775
3012,16750
3013,10635
3019,7170
3020,7920
3022,4000
3025,6305
3032,12470
3035,14045
3042,5930
3052,6055
3055,4600
3057,14695
3066,235
3067,2530
3069,16225
3070,8760
3072,8730
3080,9470
3094,19930
3097,17150
3100,18385
3105,1685
3126,6265
3128,4640
3131,4230
3146,225
3150,12110
3159,18475
3168,3625
3169,16525
3173,16875
3178,8630
3181,5225
3186,19560
3189,19925
3190,2895
3193,16625
3203,3310
3204,10970
3206,18295
3212,10935
3213,19020
3222,1200
3228,10495
3241,2820
3252,19115
3255,15375
3261,6855
3275,8170
3291,16770
3293,8855
3294,17225
3295,7520
3300,535
3315,2630
3318,7080
3320,3235
3321,15775
3326,6560
3332,17540
3334,11655
3338,8380
3345,12490
3348,16195
3350,7150
3352,10755
3353,5720
3363,4960
3364,18540
3375,12635
3385,15290
3388,14000
3393,18145
3400,11415
3404,5235
3417,2150
3424,12120
3438,8155
3444,9925
3463,3780
3468,1910
3479,11320
3481,9545
3495,14425
3496,3185
3501,6995
3503,9650
3507,13635
3511,995
3519,17650
3534,6685
3538,5970
3545,17830
3548,3205
3554,6725
3556,7220
3559,19645
3562,3305
3577,15315
3585,135
3587,9590
3590,17210
3596,8485
3603,11820
3608,7175
3611,14755
3616,1015
3617,18510
3624,13815
3628,7015
3635,30
3642,14420
3644,19320
3645,4905
3649,12100
3652,6025
3653,4795
3658,230
3660,8410
3665,2900
3669,14070
3672,5885
3673,16565
3675,9235
3676,1145
3691,14550
3693,10195
3694,870
3702,16985
3704,12355
3709,15685
3718,6675
3720,15250
3725,3500
3728,9055
3734,14610
3737,14525
3738,14475
3739,6680
3744,8415
3748,1385
3753,190
3754,16365
3759,19835
3761,7985
3762,15170
3765,1085
3770,7840
3772,15015
3781,5925
3785,18325
3792,3650
3793,15215
3794,17785
3798,785
3801,1400
3802,5295
3804,7545
3811,3380
3812,3740
3813,18030
3816,12025
3819,10075
3836,8520
3842,19370
3845,10290
3853,9280
3854,10675
3868,20
3872,2300
3873,1525
3876,16235
3879,14015
3887,965
3891,2565
3898,3405
3902,15435
3903,8045
3905,3145
3907,15635
3909,10365
3912,17495
3915,17825
3916,15310
3917,13960
3919,17975
3924,19495
3927,17930
3944,7200
3946,9445
3947,11290
3950,17465
3961,4820
3962,14865
3964,11115
3975,1440
3980,5300
3981,2350
3982,16330
3986,14350
3994,10310
3997,14540
3999,17265
4004,15240
4005,1110
4015,9710
4019,17780
4020,13415
4030,13130
4040,18265
4047,8805
4049,11180
4056,7085
4058,13730
4061,8195
4065,9480
4073,18085
4074,12765
4081,2710
4083,14390
4084,16245
4091,5560
4093,12995
4094,13805
4098,17450
4099,10275
4100,17490
4108,3035
4109,19725
4114,17950
4116,3640
4123,990
4124,17285
4127,110
4139,11650
4141,17850
4156,9145
4160,18985
4162,11235
4171,15270
4175,17230
4179,9815
4183,19455
4187,6600
4188,17475
4190,2685
4212,4560
4213,16160
4217,6955
4221,17730
4226,13935
4229,18215
4236,8340
4247,8615
4250,17940
4253,7255
4258,1240
4259,19365
4261,1470
4262,10610
4264,5680
4266,1625
4269,5305
4275,2060
4276,14130
4282,7180
4298,16435
4309,12910
4317,12815
4321,19840
4326,5180
4328,1415
4339,13015
4340,6445
4341,9550
4342,14545
4353,1475
4364,7875
4365,10205
4370,16445
4384,12555
4389,2480
4394,9275
4406,18550
4407,9485
4409,7060
4411,18750
4412,15650
4416,18615
4417,4630
4418,3930
4424,17100
4429,5315
4431,17705
4439,6295
4440,8080
4448,19340
4454,8675
4457,6575
4458,14145
4460,10055
4461,12935
4472,4765
4474,13420
4476,6140
4486,18955
4487,15005
4489,16900
4493,7925
4504,3340
4505,9675
4507,5870
4510,430
4511,6255
4512,8025
4513,1325
4515,18420
4519,5020
4520,17855
4531,9515
4543,1745
4551,15840
4556,18270
4560,12550
4562,8530
4564,8900
4567,16050
4570,7205
4581,8395
4583,16860
4585,9990
4589,19405
4594,18565
4596,11060
4597,18875
4606,7020
4631,11710
4635,18900
4638,5625
4640,7525
4645,335
4648,5245
4652,19850
4654,11455
4658,5075
4665,13630
4668,5670
4671,10580
4673,13965
4679,6625
4686,6920
4689,16645
4693,7805
4700,7750
4705,19010
4707,11770
4708,14955
4725,16585
4727,3410
4728,2365
4733,315
4737,11815
4738,865
4742,13710
4744,5510
4749,16605
4750,1950
4756,17515
4757,14080
4764,4465
4770,9330
4771,13120
4773,14790
4778,11940
4783,11540
4790,14125
4792,275
4798,3850
4801,5985
4807,8715
4845,3000
4849,19810
4850,5660
4854,7990
4859,1370
4863,390
4871,17740
4877,15715
4884,12290
4892,1275
4895,12095
4898,1060
4914,15450
4916,6840
4917,2945
4925,18635
4928,165
4939,18650
4941,18065
4944,12690
4949,5585
4953,13845
4954,4920
4956,8680
4960,19325
4963,15
4975,16010
4978,13715
4981,4225
4984,17480
4987,18395
4993,19215
4996,310
5004,18015
5009,9025
5016,15210
5019,19705
5021,19195
5026,180
5028,8735
5029,15175
5030,7695
5032,12330
5045,16410
5055,18450
5062,16505
5063,2010
5064,6475
5070,14035
5074,3395
5075,13745
5103,12125
5108,17220
5112,4490
5115,12590
5120,765
5125,12810
5134,19160
5138,17070
5144,2355
5148,11860
5149,11720
5151,2890
5165,9155
5170,15765
5172,12465
5180,3215
5182,10625
5186,18625
5206,17995
5214,13865
5215,19760
5217,7550
5219,9955
5220,6770
5228,13885
5251,19550
5252,17130
5254,14725
5257,5735
5260,3200
5265,6245
5267,4585
5274,18810
5278,7195
5281,10595
5283,10615
5295,3635
5296,11230
5297,4910
5305,5830
5308,10960
5317,2490
5318,1690
5321,3020
5322,19380
5324,7995
5327,12225
5339,8285
5342,7185
5343,1880
5354,14700
5360,12900
5364,605
5369,3815
5372,12980
5374,10995
5376,1835
5379,13625
5383,660
5384,14840
5389,10260
5400,1100
5417,9920
5418,1760
5429,16550
5438,13175
5446,19090
5460,7830
5464,7390
5468,4420
5478,1025
5486,695
5493,6230
5511,15935
5518,8975
5524,17870
5526,60
5530,19960
5534,10360
5535,8610
5536,8525
5538,4915
5545,9635
5546,70
5550,5185
5554,7945
5561,1620
5578,18535
5581,6190
5586,3240
5587,12750
5592,13035
5608,10095
5630,9620
5632,18235
5636,505
5638,2445
5640,10065
5646,13250
5648,5255
5650,7835
5652,14680
5653,1250
5659,6830
5661,8290
5667,11080
5668,955
5672,7025
5675,8845
5676,5195
5684,1350
5690,15495
5703,2610
5710,16265
5713,14940
5724,8215
5726,95
5734,2515
5735,10705
5737,7380
5739,4400
5741,3840
5747,11090
5750,18870
5752,9365
5755,5800
5756,18280
5757,5595
5775,18045
5779,1900
5781,1065
5785,14785
5786,7940
5793,12540
5799,10665
5813,1130
5817,7710
5819,8560
5824,10330
5830,10810
5831,7620
5835,19710
5837,13525
5843,13290
5845,340
5851,1345
5852,14780
5853,14685
5854,18070
5857,15115
5859,14165
5860,9520
5861,13340
5865,4005
5870,9370
5871,15805
5875,18765
5876,12625
5877,5960
5887,19140
5892,9875
5895,4015
5898,2680
5900,8555
5904,575
5907,5140
5909,1160
5910,11120
5911,16075
5912,10430
5914,3295
5920,8945
5925,5725
5927,50
5931,15350
5934,9685
5935,18055
5945,17530
5952,15860
5956,11305
5960,19080
5961,325
5966,15255
5978,13220
5981,17735
5983,6470
5989,13640
5990,17400
5993,6375
5996,14315
6012,3550
6013,2645
6014,8535
6017,4865
6025,530
6031,3785
6039,8455
6044,12005
6054,17550
6055,19175
6057,6080
6058,10515
6066,1995
6071,6270
6074,6040
6089,14640
6091,6930
6092,12825
6093,3925
6096,18255
6098,12385
6099,6415
6103,2780
6108,7720
6123,6650
6129,15660
6140,11630
6142,17045
6144,15035
6145,6860
6152,12340
6154,19530
6156,3090
6159,9465
6163,16630
6167,7305
6168,11595
6179,1765
6187,12415
6190,3315
6191,6715
6200,14800
6207,10405
6209,8175
6210,11385
6211,2615
6217,9015
6220,18330
6223,17720
6229,6710
6230,4525
6231,12600
6234,820
6237,8370
6241,18835
6242,5
6248,10800
6255,5935
6258,16295
6261,13750
6262,8315
6267,12975
6269,9450
6273,4050
6282,6795
6283,9395
6285,12310
6289,11690
6290,4955
6295,2640
6296,7030
6314,10185
6320,10915
6326,16220
6328,14010
6334,12795
6338,12660
6350,12300
6351,15720
6366,1040
6368,16515
6374,15055
6375,12260
6377,3760
6378,13070
6380,1735
6382,7625
6395,13945
6399,9210
6400,19125
6403,12160
6411,11055
6427,15445
6428,7190
6432,19270
6434,15780
6438,15885
6439,4195
6440,12610
6441,17665
6444,3560
6450,19485
6452,7615
6453,19265
6455,12250
6457,3065
6460,12850
6461,14560
6464,3430
6465,250
6471,280
6476,6050
6482,15795
6484,8745
6486,18375
6493,9835
6495,9270
6500,11790
6503,2585
6516,15835
6523,11295
6525,6580
6529,16405
6536,3220
6548,11760
6549,16130
6552,4595
6559,8780
6569,17270
6576,11340
6578,13405
6579,2220
6585,16780
6587,10530
6588,3230
6589,14140
6595,8220
6596,6455
6601,13210
6602,16095
6622,18915
6627,8435
6638,2760
6639,19950
6644,6790
6650,12200
6659,12400
6660,10450
6665,19800
6666,19255
6668,3980
6670,5995
6672,6020
6679,14760
6680,8695
6687,6550
6701,8660
6704,5570
6717,14860
6719,19085
6720,12745
6725,18430
6731,4530
6732,12375
6740,10575
6750,3665
6753,8035
6759,510
6764,945
6772,5685
6781,17625
6783,8110
6785,2275
6789,18245
6793,1490
6795,14675
6804,8345
6805,2965
6809,9745
6812,12790
6813,12605
6820,8230
6822,19515
6825,19315
6826,4460
6838,9075
6848,4440
6849,2340
6853,8430
6854,15585
6858,17290
6860,13925
6861,2045
6868,15345
6873,3955
6880,12890
6888,4645
6893,6195
6894,15420
6895,13545
6898,11735
6916,4130
6919,8820
6930,5395
6931,6335
6932,2520
6934,19940
6937,2505
6941,715
6949,9510
6968,7165
6969,330
6974,5165
6976,7900
6977,15275
6982,12115
6985,14100
6991,19780
6995,19440
6996,3100
7000,8260
7007,15200
7009,2435
7015,17350
7016,10600
7017,2700
7035,7555
7036,11745
7037,5400
7039,11640
7042,12215
7045,2605
7049,18135
7055,5095
7059,7645
7065,9870
7074,13100
7077,4840
7083,13140
7090,13380
7091,5430
7092,6490
7098,8990
7117,3045
7123,17395
7128,10395
7130,18820
7133,15705
7134,17360
7137,17005
7138,270
7139,8365
7144,2670
7156,11935
7172,14185
7174,5770
7188,130
7190,15205
7192,1630
7199,6220
7203,12405
7211,19640
7214,15490
7215,2215
7216,4610
7219,1720
7224,215
7225,435
7231,14740
7234,5010
7237,1420
7240,17980
7242,6535
7259,3620
7263,17345
7267,8585
7275,3890
7279,4780
7282,8400
7287,19740
7288,5250
7290,4295
7296,2740
7298,7450
7316,13500
7330,9440
7337,3835
7344,6615
7348,7465
7351,580
7352,11890
7360,19690
7369,16335
7371,13830
7374,5675
7379,7375
7384,18405
7385,18710
7387,12695
7390,11805
7394,465
7395,540
7396,7055
7401,6980
7404,4895
7407,14900
7409,2325
7411,6340
7416,18000
7418,16185
7419,5360
7422,16205
7424,9575
7433,7140
7434,9245
7439,2540
7442,775
7447,19135
7451,14240
7456,4205
7458,15960
7460,17180
7468,3725
7472,12780
7488,14195
7495,9375
7513,19375
7516,355
7517,15980
7539,4080
7546,4185
7551,11450
7556,13905
7562,8385
7573,14515
7579,3175
7581,17305
7590,6705
7592,710
7593,15190
7603,4150
7606,1255
7608,650
7612,6555
7622,5130
7629,1775
7642,8880
7645,13470
7647,2560
7650,12255
7655,9960
7658,2810
7660,11915
7664,2450
7669,16285
7678,11260
7679,4275
7682,19200
7683,260
7689,18140
7692,11075
7697,6590
7702,15090
7707,14935
7711,2980
7717,18460
7720,16635
7722,4305
7728,18620
7730,15675
7732,16420
7736,17510
7742,13780
7743,4855
7747,1635
7752,10455
7755,11675
7757,3085
7759,905
7761,19055
7762,1450
7766,10085
7773,8125
7779,18445
7786,640
7787,7755
7791,13090
7792,9970
7802,1105
7804,13880
7825,7635
7837,13050
7846,9340
7847,4540
7851,410
7852,1585
7858,10700
7867,6775
7876,9430
7878,1360
7879,8665
7881,7325
7885,18415
7900,14030
7910,9640
7911,15925
7919,7075
7931,15480
7934,6200
7938,910
7951,5145
7966,15945
7968,7730
7980,10650
7981,19470
7982,17695
7983,2025
7985,10710
7993,11360
7997,10660
7999,15195
8010,1700
8018,19360
8022,13065
8024,12430
8035,75
8038,3015
8047,10865
8071,11925
8077,10125
8082,11525
8083,10975
8084,290
8091,14520
8097,14650
8100,2575
8101,16380
8105,13355
8106,11030
8111,3630
8120,4570
8139,4245
8145,2655
8162,5085
8163,1915
8169,15105
8172,12760
8175,7870
8179,17660
8185,10875
8188,630
8197,5515
8210,13385
8217,17690
8223,19240
8224,4495
8226,5635
8228,1215
8231,1890
8235,14745
8236,11880
8238,12990
8243,460
8254,10030
8255,9320
8258,10150
8259,12675
8261,5375
8265,10400
8274,18165
8276,5860
8277,5480
8278,490
8290,3510
8294,4615
8297,17795
8312,2380
8315,14985
8321,7440
8331,2775
8334,5115
8337,2550
8338,7430
8347,12585
8352,350
8364,2825
8373,15030
8374,11685
8378,18975
8387,3535
8391,6760
8403,16395
8405,10730
8406,14585
8407,14975
8409,3900
8413,19435
8416,17960
8427,2910
8428,17775
8429,18260
8435,6890
8438,2175
8442,11980
8443,6505
8444,13110
8446,10015
8447,7590
8450,15000
8452,15515
8459,17760
8466,5370
8471,855
8483,9200
8491,2000
8493,12705
8495,9495
8500,4435
8508,15150
8510,12055
8512,15410
8516,10445
8521,13280
8524,15810
8531,7395
8542,1770
8543,8590
8544,16350
8549,2855
8551,9110
8568,19620
8569,15425
8578,6260
8584,3165
8585,9100
8586,14280
8591,4475
8592,3070
8595,15900
8599,5765
8601,5435
8615,15580
8633,7665
8638,13650
8639,18780
8642,1090
8647,10190
8649,14735
8660,14105
8662,9420
8667,5125
8674,10320
8693,5915
8698,9000
8699,7335
8725,12435
8727,12905
8732,9610
8737,6180
8740,10295
8747,14950
8754,7880
8759,13915
8769,11970
8773,10215
8775,9125
8801,6485
8804,19670
8805,4995
8813,17570
8815,18105
8822,16280
8829,2840
8832,19145
8837,10475
8842,11275
8845,7740
8853,16210
8867,15645
8868,12930
8870,620
8893,18435
8902,5035
8906,8785
8911,17020
8915,2210
8929,10795
8934,11270
8938,18685
8942,16810
8945,3330
8947,14505
8955,15760
8959,14400
8960,16890
8967,13365
8971,4040
8972,5700
8976,9070
8977,3505
8983,6895
8985,17560
8986,15500
8999,455
9001,5940
9004,735
9016,13910
9023,17235
9025,360
9029,19505
9046,15545
9047,10930
9049,8710
9050,5795
9051,11590
9053,5120
9066,6165
9068,19715
9069,9615
9074,10210
9080,515
9082,4370
9092,11850
9093,2985
9105,19605
9108,7495
9114,2040
9121,2800
9122,12645
9127,6925
9130,11635
9133,8930
9140,13950
9142,1960
9144,14120
9145,13285
9148,6755
9152,2725
9154,11945
9156,17170
9159,19900
9163,2720
9172,12390
9173,15370
9178,2320
9189,8810
9192,14890
9194,11780
9196,685
9199,645
9211,3960
9218,18695
9232,10130
9233,1190
9236,16675
9242,13055
9248,9360
9252,7425
9285,15680
9290,12000
9300,7230
9306,19250
9308,11990
9309,1845
9310,6495
9320,17845
9325,10025
9327,16805
9329,3790
9332,9530
9340,18025
9343,6645
9345,4430
9355,3865
9358,13605
9363,10350
9366,4745
9367,10630
9368,12545
9369,15145
9374,13160
9382,120
9385,18350
9389,13675
9391,8225
9395,7035
9397,2255
9401,3275
9403,550
9416,14330
9418,19585
9425,13400
9426,13645
9429,8595
9441,15820
9442,2095
9446,9385
9447,8850
9451,19935
9453,8600
9461,4100
9463,11470
9465,10225
9471,4635
9472,6850
9474,4555
9480,11165
9482,2935
9485,5520
9486,100
9495,9405
9502,3030
9507,405
9508,17770
9511,19275
9536,2105
9554,17405
9556,8355
9559,19300
9561,5880
9562,18210
9571,11185
9576,7250
9580,2430
9584,12050
9585,8705
9593,5440
9598,12840
9599,16530
9601,14690
9605,4625
9606,1945
9609,9205
9610,15440
9618,6310
9623,9660
9632,17485
9635,14160
9636,15800
9638,14325
9640,13555
9648,7760
9650,6250
9662,8095
9666,980
9672,8210
9679,16480
9682,16140
9684,6985
9695,18680
9701,17060
9706,805
9713,10410
9718,3710
9727,19450
9729,115
9732,4675
9735,1550
9736,2180
9743,17470
9748,6075
9749,4835
9759,885
9796,11490
9808,385
9810,12305
9824,6420
9826,16765
9840,11510
9847,4790
9849,6465
9850,18370
9860,5895
9864,5200
9866,12145
9874,18410
9876,800
9880,6090
9881,13560
9886,14715
9889,8030
9897,17835
9899,16865
9912,12875
9915,14150
9916,7820
9919,12865
9924,2525
9935,16710
9937,240
9943,6290
9950,8245
9952,8470
9959,14220
9962,16360
9969,4235
9970,17965
9973,17635
9976,18490
9977,2385
9981,1235
9994,17900
10001,11855
10018,11835
10023,1885
10026,11465
10028,14205
10030,13770
10033,14460
10039,3445
10044,1435
10045,8655
10049,11265
10050,8205
10056,7265
10063,11565
10069,6300
10079,15080
10085,18980
10091,13550
10094,19540
10116,2440
10119,2555
10122,10585
10123,2130
10124,12510
10130,35
10132,4760
10134,6330
10145,19825
10152,3290
10164,14245
10165,16970
10166,3935
10170,1725
10175,5160
10181,3460
10196,8050
10201,3615
10202,14190
10203,7435
10208,145
10211,4900
10220,14210
10223,4805
10225,5415
10228,11020
10229,18305
10233,6155
10236,15045
10237,1500
10238,18560
10242,10470
10259,18745
10266,11995
10268,6460
10273,19890
10274,7670
10282,7045
10290,7385
10293,19050
10295,13595
10311,1020
10312,13940
10319,8935
10328,3160
10332,12565
10333,12855
10335,4330
10336,13855
10337,10985
10340,9805
10345,19945
10346,4075
10348,14495
10349,14265
10352,8420
10353,8000
10363,14765
10369,19855
10370,13310
10372,18575
10373,13300
10377,700
10385,4470
10389,10905
10396,19860
10398,19600
10399,13600
10405,7095
10409,825
10436,3750
10442,19770
10448,7605
10457,14215
10469,1575
10478,7600
10484,18090
10486,15785
10489,15060
10490,12105
10491,5505
10496,6120
10500,8905
10504,3420
10509,14020
10514,14535
10516,14835
10524,2930
10526,18675
10528,5805
10545,16840
10551,755
10552,15265
10555,14310
10556,19775
10570,15985
10572,10070
10573,6595
10579,14500
10580,1230
10584,19570
10600,11705
10601,2995
10603,14930
10606,16355
10607,18300
10609,2790
10611,14565
10613,8505
10629,19040
10631,15565
10635,19625
10637,5730
10647,4880
10648,12070
10654,7855
10657,14095
10662,15260
10666,4405
10669,4935
10674,11955
10686,3600
10696,14090
10697,5615
10702,1610
10704,8180
10708,18610
10721,6100
10727,5710
10734,15845
10736,4515
10737,1375
10741,8830
10745,10060
10750,18525
10753,9700
10754,13315
10755,5840
10761,11795
10767,19820
10772,19165
10773,1665
10776,16315
10779,17875
10781,7770
10783,15305
10786,5190
10801,12295
10805,1850
10818,14450
10819,11575
10824,19675
10826,12020
10829,3225
10830,7160
10840,3795
10847,3040
10851,11345
10876,13005
10881,14600
10882,7910
10883,16000
10888,8725
10915,8545
10918,1395
10920,6440
10925,8120
10930,1330
10935,610
10944,2735
10947,6500
10948,17630
10952,7975
10954,18960
10960,11170
10961,15910
10963,4965
10964,1290
10969,8255
10971,19665
10973,18690
10978,12735
10980,6125
10987,16215
10994,12730
10996,1650
11003,5330
11006,12450
11011,10645
11012,10440
11015,18590
11018,14255
11038,18885
11040,9085
11044,6515
11045,17205
11056,5055
11058,2405
11059,4280
11066,6530
11069,12065
11070,5050
11072,5530
11081,18935
11083,450
11090,13585
11099,1820
11107,19730
11111,4680
11128,13485
11134,8840
11140,3465
11142,18075
11145,12770
11146,14270
11148,3730
11150,665
11153,13375
11162,12085
11169,4425
11171,18365
11178,7310
11182,1335
11188,4590
11196,17335
11201,12040
11205,1000
11208,565
11226,18285
11230,5600
11236,2315
11258,19350
11268,11625
11272,9095
11273,1185
11275,14915
11277,18795
11281,6565
11286,16575
11288,16610
11296,6620
11301,18705
11304,6115
11311,16880
11317,15295
11322,5620
11325,18530
11326,10725
11327,2795
11346,7275
11351,6700
11354,9080
11362,7105
11363,15725
11374,2990
11375,1645
11379,3515
11402,19280
11408,3945
11411,12265
11420,11390
11421,18715
11422,1600
11424,2070
11429,13155
11430,16760
11436,14655
11441,6780
11457,8750
11461,2160
11465,8605
11473,9225
11480,9215
11486,19805
11497,5575
11505,600
11509,11210
11512,9260
11522,5310
11524,6370
11529,19500
11533,9580
11540,18580
11546,18545
11550,9065
11552,975
11554,5500
11555,5045
11572,14635
11577,14845
11580,15850
11594,19895
11602,8955
11603,16175
11616,8465
11621,13230
11626,480
11628,17535
11631,5070
11632,19155
11633,2675
11636,3170
11637,7865
11639,12940
11641,6380
11650,8375
11666,15335
11681,13530
11683,10620
11686,4290
11687,18400
11693,6325
11696,16065
11703,895
11706,16930
11720,2845
11721,7675
11737,4950
11740,18740
11742,15995
11743,9255
11747,9175
11757,18040
11759,18440
11765,10135
11769,13080
11771,12485
11772,9050
11779,11350
11780,7120
11784,18190
11785,4140
11786,19060
11789,11215
11790,8015
11791,4705
11795,1455
11799,19920
11803,13620
11804,4520
11806,19245
11807,11830
11811,16115
11813,14355
11825,16450
11828,14815
11834,3920
11835,11560
11840,11135
11842,725
11853,11715
11856,18425
11860,17155
11862,14920
11871,10000
11881,13105
11884,16060
11896,8240
11912,2535
11913,14200
11919,16990
11921,1195
11926,11355
11931,1225
11935,5750
11937,18515
11956,3880
11972,8965
11973,19880
11975,9230
11980,11520
11983,9995
11987,13785
11990,7125
11995,1135
11999,2580
12003,11460
12005,3595
12009,3470
12011,11665
12014,12420
12016,5945
12017,5550
12023,9505
12028,12880
12030,13450
12036,4255
12053,5015
12072,11200
12074,3695
12080,8115
12082,7115
12089,5470
12093,5815
12094,19110
12097,15010
12102,6015
12106,6070
12108,19915
12109,16055
12119,15520
12140,1940
12155,13980
12158,10570
12161,16310
12162,12230
12164,13970
12166,18640
12167,8160
12173,5835
12178,14570
12204,10050
12209,3555
12212,17505
12222,12235
12223,155
12234,10955
12245,1205
12248,5775
12249,16650
12256,3765
12257,1265
12263,10235
12264,2235
12267,18595
12273,13095
12284,13165
12290,16045
12291,3390
12292,10870
12299,19695
12302,15125
12307,8325
12313,2650
12338,8085
12339,16025
12347,13135
12350,1955
12359,11870
12366,12620
12367,8310
12372,2085
12381,9890
12382,17460
12383,16070
12384,12970
12389,6640
12396,17050
12398,835
12400,11905
12409,17755
12410,16275
12423,17140
12440,8510
12447,3210
12448,4860
12450,12195
12452,4240
12453,9605
12456,2925
12458,17750
12470,1925
12475,2885
12482,10380
12497,3320
12498,12960
12501,12175
12503,1975
12504,3910
12508,18010
12510,17125
12514,9105
12522,16960
12524,16845
12533,18020
12536,925
12539,10415
12544,3770
12565,5655
12568,13540
12569,6610
12587,8640
12598,16400
12599,17340
12600,4300
12607,9820
12611,5215
12633,16485
12639,55
12650,6660
12652,6280
12656,2280
12658,17095
12660,9315
12669,17585
12670,18800
12674,13700
12680,13875
12694,5810
12696,5340
12701,11430
12702,18220
12711,11975
12720,16690
12733,9965
12735,9120
12756,11420
12760,18770
12762,18860
12767,11195
12791,12460
12806,18825
12811,11605
12815,3720
12820,5545
12822,15970
12823,19575
12824,3355
12826,5920
12838,16270
12839,12190
12842,1655
12859,14285
12862,19985
12864,1165
12867,6315
12869,5135
12871,15955
12874,6110
12889,175
12898,11440
12904,3245
12905,16425
12907,3820
12909,11245
12910,15245
12912,1830
12915,15755
12916,8350
12917,10565
12918,3385
12921,10855
12927,6405
12930,17085
12931,1790
12932,1855
12933,18080
12942,10345
12943,8700
12948,12800
12952,9975
12956,65
12964,12945
12966,13265
12967,1555
12968,4810
12970,8870
12976,9570
12979,2905
12982,16705
12985,10045
12986,6655
12989,12915
12995,9305
12998,19755
13000,5425
13003,3010
13013,3435
13028,950
13029,11300
13030,9830
13031,8690
13034,10695
13036,12755
13041,1285
13042,12725
13045,15605
13052,16920
13063,2230
13074,2120
13075,15740
13077,4575
13078,185
13080,2600
13083,1570
13094,16385
13097,14485
13098,19970
13109,10860
13123,13185
13136,4975
13140,15610
13143,19210
13144,11380
13147,5390
13149,14260
13152,15120
13153,16685
13154,4450
13159,7485
13164,2425
13168,9060
13172,12360
13173,11125
13180,18315
13182,13410
13191,3580
13192,5645
13193,17320
13194,9165
13196,15430
13201,8540
13203,2730
13206,12185
13207,2225
13213,7005
13220,13900
13222,12700
13230,5535
13234,4215
13235,1805
13244,5590
13247,19150
13253,520
13275,17075
13290,16855
13298,18670
13302,10035
13303,4410
13305,7845
13312,8940
13318,16680
13328,9845
13341,10655
13346,7885
13352,8100
13357,3655
13364,1270
13366,9915
13371,8250
13386,6185
13394,2970
13400,14990
13412,3950
13423,5100
13425,15160
13428,9705
13433,15895
13453,3270
13456,18195
13463,15320
13468,10880
13470,17970
13477,2785
13479,13975
13488,6720
13494,8425
13503,1480
13506,18850
13513,255
13521,15465
13522,3485
13526,18630
13528,19130
13529,625
13556,8920
13559,12350
13561,16510
13565,13305
13584,10180
13585,12670
13589,5155
13595,17440
13600,16590
13601,4500
13604,8755
13606,3495
13611,2375
13612,5610
13621,12525
13625,6225
13638,17160
13644,4730
13648,13995
13665,12630
13668,18485
13672,7890
13685,7895
13689,13320
13691,8140
13698,5965
13699,14470
13703,12595
13709,11505
13713,200
13715,14405
13718,13505
13721,4390
13722,4655
13728,2940
13733,12170
13739,8005
13746,10425
13756,2140
13757,2955
13759,14340
13760,13655
13763,3135
13764,12715
13767,2195
13773,7100
13775,6385
13778,13235
13789,6010
13790,10105
13794,16815
13801,14850
13813,19785
13814,3150
13816,6870
13819,11110
13820,9475
13833,14880
13838,14060
13841,12090
13845,16415
13850,3745
13855,17385
13857,8770
13863,8390
13866,10590
13867,17525
13868,19170
13869,13075
13874,6900
13875,1540
13878,18785
13885,9585
13891,5420
13896,13025
13897,2015
13898,18895
13899,12805
13904,14235
13905,17955
13909,2090
13911,1390
13913,2420
13922,14810
13938,9265
13949,19475
13956,18180
13966,3115
13969,13790
13970,9535
13975,3055
13976,15220
13991,5285
14000,5565
14003,5640
14007,4160
14010,16950
14020,595
14036,16545
14041,4510
14050,16375
14052,11485
14053,14710
14054,7040
14058,13575
14061,4665
14063,15485
14066,18160
14069,4620
14070,14320
14072,18555
14075,8135
14076,19410
14088,11445
14090,10120
14099,14300
14116,14925
14118,6635
14119,15890
14120,2135
14121,9410
14126,6665
14132,9695
14142,9455
14145,12775
14154,18170
14160,2815
14162,11730
14170,4945
14175,2620
14179,5000
14181,16905
14183,7210
14188,10340
14200,17990
14201,4455
14208,9160
14212,12920
14213,18500
14219,1175
14224,17935
14227,14275
14229,9600
14244,19480
14246,6480
14251,11530
14253,6430
14264,7980
14270,4755
14272,2920
14275,6390
14280,18380
14283,13775
14286,9355
14298,6350
14299,8475
14304,12895
14306,19735
14307,15940
14308,18970
14324,14075
14326,15815
14333,9855
14339,5025
14341,8910
14347,18845
14351,16660
14353,17885
14364,10255
14366,11740
14367,17790
14378,11550
14379,7570
14389,13590
14394,13180
14398,4870
14401,19415
14407,12210
14408,4145
14439,10670
14448,10950
14453,10835
14456,205
14460,16300
14461,9645
14466,19910
14472,3805
14474,11370
14478,15930
14482,9490
14484,8650
14488,3590
14511,13445
14516,18945
14520,12885
14529,12570
14531,9040
14532,3670
14537,3335
14541,15040
14558,6215
14563,475
14573,3475
14577,5345
14597,1595
14605,935
14608,17860
14620,930
14624,12575
14628,15140
14641,6740
14645,9865
14647,3415
14648,14830
14649,6095
14660,10110
14661,13435
14668,10965
14670,16885
14675,15590
14681,2145
14685,1660
14701,1520
14715,13010
14716,6570
14719,12655
14734,9325
14737,6585
14741,18035
14756,6275
14765,14905
14777,10100
14778,6865
14779,3520
14780,7955
14787,10390
14788,3830
14801,18125
14810,4930
14833,380
14837,9565
14840,10385
14843,1750
14846,17250
14850,3645
14852,13520
14854,8740
14855,6545
14859,13850
14870,5905
14871,2590
14873,5275
14885,11140
14887,4715
14889,14385
14894,12860
14898,12205
14904,9150
14906,19075
14912,6150
14913,1640
14915,5385
14921,13565
14922,14430
14940,14175
14943,6235
14945,10750
14951,2510
14955,19595
14961,8490
14964,17805
14971,15235
14975,13275
14980,15330
14984,18155
14987,12365
14993,15400
14995,18250
14997,3895
15001,17895
15011,2265
15022,12560
15033,10765
15038,17355
15050,9755
15062,11495
15078,18730
15084,1305
15085,4360
15086,1115
15088,10485
15090,11535
15095,16700
15099,2110
15106,16895
15111,12925
15113,4135
15123,17370
15124,3990
15132,4200
15134,13670
15141,17675
15149,10605
15164,10780
15171,730
15190,2400
15195,14170
15197,5460
15199,10170
15216,4845
15217,12280
15220,9415
15224,14230
15229,8270
15230,9290
15233,860
15236,4890
15237,2975
15239,18360
15242,8635
15249,17680
15256,17820
15259,16670
15260,14155
15263,14465
15264,4925
15271,2960
15273,13060
15281,13325
15286,4340
15295,14250
15296,10830
15302,5445
15309,6835
15313,7445
15315,17300
15322,150
15325,11500
15330,7580
15331,12950
15333,15470
15336,5105
15340,15180
15342,18095
15343,12515
15348,12270
15361,14440
15365,0
15374,16715
15375,19065
15377,7535
15385,220
15397,18965
15406,19015
15409,6035
15414,3530
15417,10220
15422,12165
15428,15020
15429,5755
15432,17030
15448,10040
15452,9790
15455,6970
15460,18905
15469,4830
15495,11950
15500,170
15501,18890
15502,18175
15505,6735
15511,3965
15514,12740
15532,1425
15535,3180
15537,19260
15543,2415
15544,10940
15554,14345
15557,10090
15571,11405
15587,15620
15590,19555
15591,7515
15598,2370
15600,9860
15601,18115
15608,18505
15615,4535
15616,2835
15620,11600
15622,10115
15625,7950
15633,10285
15636,12380
15637,10910
15638,16125
15641,10690
15645,18200
15646,3870
15648,2690
15660,11545
15667,4980
15673,3255
15675,16155
15682,13000
15689,15870
15695,3570
15697,19185
15699,7700
15715,13895
15717,4885
15719,10265
15721,10245
15730,11755
15731,2665
15739,15555
15742,16720
15744,6905
15748,13465
15755,16080
15757,15390
15762,2625
15765,4415
15766,12785
15774,18480
15777,3605
15779,13215
15782,1210
15789,17985
15797,14620
15798,2460
15800,5290
15807,15670
15812,5325
15832,3325
15842,16975
15845,8150
15849,19045
15856,7065
15866,5980
15882,6945
15884,6060
15885,4170
15896,18520
15898,11425
15908,10435
15916,740
15920,17700
15921,3845
15929,4875
15933,5745
15938,19460
15944,10540
15946,2295
15950,7135
15953,11515
15971,10685
15973,13255
15974,16820
15978,13740
15979,4095
15982,5065
15988,2750
16011,85
16015,14660
16023,1485
16024,8815
16032,15155
16033,10745
16041,2765
16045,17600
16051,17120
16060,8620
16062,13690
16063,16620
16074,4250
16082,17590
16085,7780
16087,1380
16089,635
16095,17135
16097,2260
16098,7350
16101,9180
16103,1670
16112,8305
16116,19070
16120,3855
16128,1875
16132,7090
16138,2330
16139,7295
16149,2115
16153,3985
16155,18990
16156,1075
16162,4565
16170,12075
16171,2030
16178,2335
16181,7420
16183,560
16184,14335
16192,1755
16194,2850
16203,5040
16204,12480
16206,11480
16219,1355
16223,970
16225,12665
16227,7680
16228,10820
16229,8495
16234,10525
16236,11585
16241,6730
16251,1035
16258,3370
16261,18925
16268,10980
16272,11190
16278,16165
16281,9880
16288,17065
16290,90
16291,1990
16306,12410
16307,6175
16308,3940
16313,11105
16314,18840
16315,4335
16316,3680
16320,7145
16337,14605
16349,8235
16355,6030
16360,18465
16368,12045
16376,6345
16379,17410
16380,13455
16381,9005
16383,8275
16386,13860
16389,15185
16394,13735
16402,11670
16403,14645
16412,5845
16414,19790
16419,15560
16420,9090
16421,7110
16424,12495
16425,16085
16439,3480
16443,3345
16445,14410
16448,13810
16451,16345
16453,12835
16454,1545
16456,9250
16457,1220
16458,19750
16462,10840
16463,13660
16470,17645
16473,19955
16476,9435
16488,12475
16493,7790
16498,6205
16499,17445
16502,10145
16514,675
16519,11810
16521,18050
16524,11130
16526,10945
16528,13270
16531,14365
16535,14290
16536,17110
16545,14455
16550,3715
16553,15135
16556,19100
16557,13330
16578,3425
16581,12985
16585,18735
16587,9035
16594,6395
16612,7130
16613,2745
16614,1985
16618,11765
16619,7715
16622,9525
16624,19105
16626,19980
16659,3120
16660,7405
16661,3190
16662,10715
16663,17190
16664,19520
16666,16580
16668,12370
16670,16800
16677,4030
16682,5170
16687,3080
16692,5465
16702,13205
16712,395
16713,9295
16716,7825
16718,12155
16719,245
16721,17565
16731,4375
16741,17640
16748,19700
16753,9785
16756,10500
16760,440
16761,2055
16762,13840
16764,125
16772,17520
16775,8145
16777,11580
16793,9285
16795,17415
16800,15875
16805,5580
16808,10325
16809,13335
16811,7300
16825,1710
16834,12820
16853,1095
16858,2155
16860,15395
16865,15360
16867,14575
16869,16495
16882,3490
16883,4155
16885,18120
16889,7470
16894,4270
16899,13295
16907,1870
16914,11000
16921,16965
16922,5540
16933,4105
16937,5230
16939,18950
16940,1320
16942,15340
16944,14115
16963,2245
16981,12135
16984,3125
16993,17055
16996,6105
16999,4940
17000,10480
17004,7410
17006,300
17011,5090
17018,11100
17023,6800
17025,3300
17030,7640
17032,11920
17045,15455
17047,11315
17052,17175
17053,12425
17058,19590
17060,2830
17063,6820
17067,7540
17069,2500
17073,1920
17075,16695
17080,12030
17082,7655
17083,9770
17089,8995
17090,14945
17092,12965
17105,7070
17107,17165
17113,4090
17115,9030
17116,15355
17119,10155
17126,18275
17136,16615
17139,2860
17141,17310
17142,7560
17144,5785
17149,17840
17150,8460
17153,16020
17155,7510
17163,10305
17167,6410
17172,11985
17174,12505
17175,8960
17178,13570
17181,3525
17183,17105
17185,12500
17187,11325
17188,16100
17189,10845
17195,15920
17200,15750
17203,16150
17221,8685
17223,13440
17224,5900
17227,10005
17233,9670
17239,4700
17240,720
17247,13610
17253,9795
17257,5475
17258,11775
17264,17920
17271,3735
17284,13890
17293,15640
17297,8885
17306,10270
17309,18830
17310,14005
17311,6045
17312,11335
17314,5080
17324,9345
17325,10
17330,6285
17331,3285
17332,17330
17333,12035
17338,19290
17347,16325
17355,13665
17365,8360
17378,6690
17381,25
17382,2270
17385,6510
17394,19420
17404,4850
17408,4355
17409,14370
17413,9720
17422,18605
17423,7270
17428,10140
17436,2705
17443,19445
17451,4485
17452,17545
17459,14885
17461,16110
17462,2880
17472,10160
17476,5865
17477,9020
17482,4035
17491,11750
17493,10300
17498,2865
17499,8890
17509,19875
17516,4545
17517,17255
17522,345
17530,6360
17537,2185
17538,13240
17545,8105
17546,210
17550,17765
17552,12140
17576,11025
17582,9045
17590,11220
17591,8060
17594,8800
17608,10790
17615,1705
17622,8295
17626,16135
17636,17145
17643,5990
17649,9400
17650,2310
17653,1280
17655,3800
17663,14040
17667,16600
17671,19465
17677,10420
17679,15690
17681,13390
17682,9190
17683,7355
17689,11240
17693,14435
17699,7455
17704,5890
17705,2065
17712,10735
17714,8020
17716,14555
17724,14595
17726,11435
17727,10240
17737,16870
17740,13765
17744,1260
17745,18310
17747,9560
17749,16320
17750,4480
17755,3105
17759,11225
17760,14775
17761,18760
17765,19685
17767,16945
17772,16120
17787,8450
17794,4710
17808,18100
17809,15365
17814,6525
17815,10560
17821,16665
17822,15665
17828,13345
17833,1615
17835,19120
17840,5910
17848,13150
17851,16850
17855,7930
17858,7315
17860,985
17869,13040
17879,3705
17881,830
17887,18660
17891,10920
17898,19005
17902,14305
17909,4165
17910,2290
17916,9935
17919,4220
17924,18570
17937,10550
17942,3140
17946,900
17950,16915
17959,16255
17962,7340
17969,8090
17974,12720
17975,4210
17984,14375
17986,9630
17989,15510
17991,13260
18003,16640
18007,11050
18025,8925
18026,4740
18030,14380
18031,3280
18036,18805
18040,15025
18044,9115
18045,9910
18055,15730
18056,7365
18058,15975
18075,2005
18077,14670
18089,790
18091,5405
18096,285
18110,4085
18112,840
18113,15695
18114,7965
18129,15130
18135,5690
18136,17430
18138,14180
18143,13580
18152,4125
18156,400
18161,15950
18163,3075
18165,4685
18175,2595
18182,10990
18184,7935
18189,890
18194,13460
18200,18995
18203,1055
18207,16170
18211,7810
18215,14895
18223,11065
18239,6005
18244,7650
18256,11160
18258,18880
18261,3350
18262,19965
18267,8565
18268,3685
18271,15070
18274,8075
18275,1365
18279,5030
18280,13360
18285,6630
18296,17905
18311,4065
18317,3375
18319,7610
18324,8200
18330,1560
18339,12180
18343,18355
18344,15865
18346,15505
18347,16030
18348,5950
18352,4310
18356,9335
18369,7800
18373,5630
18374,2715
18375,7225
18382,14590
18398,16145
18408,16390
18410,1840
18412,19295
18427,655
18428,16180
18429,17685
18436,19205
18447,15595
18453,9010
18454,11070
18468,845
18476,7490
18482,9780
18486,10460
18489,11410
18496,13370
18499,3130
18501,5455
18504,9665
18510,11035
18513,4815
18516,19580
18529,16090
18546,1810
18552,1740
18556,14730
18561,295
18564,18755
18568,19390
18579,11475
18584,15165
18586,1445
18590,12870
18603,7725
18610,18920
18612,16015
18625,7245
18627,4325
18634,9130
18640,12325
18641,12845
18645,3860
18647,5525
18651,12615
18652,9825
18654,2395
18660,6130
18671,3155
18675,18855
18677,19990
18681,12680
18690,3575
18691,17800
18692,3250
18693,80
18697,13125
18699,14135
18707,11615
18712,17620
18714,14970
18717,615
18721,8825
18725,415
18729,9680
18746,13490
18751,5240
18752,18390
18756,18665
18761,11010
18765,8670
18776,195
18781,6935
18782,10890
18785,18645
18792,4785
18795,11660
18804,9985
18806,14980
18810,10465
18812,7905
18820,16455
18823,19845
18825,19545
18826,9740
18829,4800
18851,8645
18853,17295
18854,5740
18858,4020
18860,14995
18862,7850
18863,9885
18875,12240
18876,13755
18884,16200
18887,12520
18888,3050
18898,15535
18904,19335
18907,13920
18908,17015
18920,17240
18936,4320
18951,13615
18955,13515
18964,525
18966,12335
18967,940
18971,19430
18976,16490
18978,19425
18993,5060
18994,13685
19007,3810
19010,7585
19014,1170
19018,4735
19019,7960
19033,11330
19034,19680
19038,13115
19045,7050
19049,6365
19056,17420
19072,16830
19075,2360
19076,9950
19078,5005
19091,6435
19093,17670
19095,14110
19121,11400
19125,14665
19128,13795
19131,14855
19137,12060
19149,11645
19154,14085
19157,9850
19164,9540
19180,8515
19187,12080
19190,10250
19197,4350
19201,18225
19202,5350
19207,500
19209,4775
19213,2035
19217,15600
19219,19095
19221,7795
19225,10200
19242,16725
19244,19400
19245,11785
19248,12015
19255,5780
19259,17810
19271,19635
19273,140
19276,5280
19278,16105
19280,9905
19281,13510
19285,15655
19287,2755
19290,18790
19301,9730
19305,7235
19311,15830
19318,2410
19320,7400
19330,11910
19334,16655
19336,15615
19341,16790
19344,19190
19345,17715
19349,15085
19361,16935
19375,10335
19391,6845
19395,1800
19420,7000
19422,6355
19428,19655
19429,8065
19441,3440
19443,3610
19445,16570
19450,7415
19451,8795
19459,16535
19464,17555
19476,8790
19478,7915
19479,15770
19490,5855
19499,12345
19504,16785
19507,18290
19510,15630
19511,160
19514,4070
19517,17890
19519,16940
19525,13190
19532,16260
19533,15855
19535,7735
19572,5975
19575,5850
19577,13820
19579,2470
19582,3450
19583,11960
19589,2950
19590,12710
19597,13720
19599,5555
19600,17945
19603,2205
19607,18930
19608,11555
19610,15965
19614,19650
19616,4690
19618,16560
19623,4550
19625,17315
19627,9690
19628,1515
19629,3565
19637,8625
19638,1465
19648,5490
19650,320
19654,5760
19657,17080
19670,9380
19672,19565
19674,17090
19680,1030
19682,14770
19683,9930
19684,17615
19689,13930
19698,16370
19702,1510
19707,16430
19717,18495
19725,15380
19735,18700
19737,1970
19742,13020
19745,375
19748,2050
19749,2240
19754,3970
19764,10900
19766,5495
19770,10555
19774,3540
19775,7685
19779,2485
19780,15790
19781,3005
19784,6540
19791,14960
19793,18335
19794,585
19797,7705
19801,4285
19805,19000
19806,12315
19808,14820
19814,7155
19816,5335
19822,555
19828,1905
19832,15710
19833,16005
19835,4605
19836,10010
19837,11570
19839,8915
19840,4725
19846,2200
19847,16035
19848,11280
19849,9810
19852,9240
19856,10230
19858,10850
19861,19905
19868,11155
19871,8185
19879,15700
19880,2570
19884,3825
19888,1460
19889,17610
19892,14415
19902,6940
19924,1005
19931,15575
19938,4385
19941,7290
19952,770
19954,16755
19981,6965
19987,16465
19990,1410
19991,14720
